1 12
1 131
1 156
1 162
1 207
1 263
1 4
1 73
1 3
12 116
12 131
12 156
12 162
12 207
12 218
12 263
12 73
131 142
131 156
131 18
131 193
131 207
131 240
131 242
131 263
131 264
131 73
156 142
156 162
156 18
156 193
156 207
156 242
156 263
156 264
156 73
162 163
162 218
162 263
162 63
162 75
207 263
207 73
263 116
263 218
263 224
263 73
10 174
10 204
10 35
174 204
174 253
174 35
204 110
204 253
204 33
204 35
101 113
101 129
101 21
101 274
101 20
101 26
101 9
113 106
113 114
113 129
113 13
113 198
113 135
113 20
113 26
113 9
129 13
129 198
129 9
21 185
21 19
21 208
21 72
21 87
21 99
21 274
274 20
274 211
274 184
274 60
274 82
274 9
104 103
104 139
104 194
104 259
104 121
104 49
139 133
139 255
194 121
194 150
194 192
194 252
259 205
259 258
106 138
106 13
106 135
106 198
106 69
138 133
108 240
108 238
240 235
240 238
240 236
109 114
109 26
114 69
11 184
11 187
11 188
11 2
11 200
11 211
11 229
11 25
11 273
11 30
11 36
11 43
11 55
11 60
11 82
184 185
184 188
184 229
184 211
184 60
187 185
187 188
187 190
187 229
187 44
187 86
187 30
187 43
188 185
188 190
188 229
188 231
188 44
188 86
188 99
188 60
2 200
2 30
2 43
2 55
2 79
2 80
200 273
200 30
200 43
200 55
211 260
211 60
211 82
211 23
211 25
211 31
211 8
211 98
229 273
229 30
229 36
229 43
229 60
229 82
25 23
25 24
25 60
25 98
25 8
273 260
273 30
273 36
273 43
273 55
30 36
30 43
30 55
36 60
36 82
36 43
36 55
43 55
55 260
55 79
55 92
60 82
110 146
110 190
110 201
110 227
110 230
110 231
110 33
110 62
146 181
146 190
146 227
146 231
146 241
146 33
146 62
190 181
190 185
190 191
190 241
190 231
190 44
190 62
190 86
190 99
201 231
201 253
201 33
201 62
227 180
227 107
227 230
227 234
227 270
231 181
231 185
231 253
231 44
231 86
231 33
231 62
231 72
231 99
13 126
13 183
13 266
13 48
13 69
13 135
13 198
13 47
198 135
198 47
198 69
198 9
115 262
115 147
115 235
262 140
262 147
262 148
262 235
262 236
262 239
116 218
218 219
218 220
218 233
218 74
118 127
118 155
118 126
118 183
118 56
127 126
127 155
127 271
155 126
155 183
121 100
121 120
121 255
121 144
121 17
100 141
100 216
122 45
122 61
45 272
123 124
123 176
123 71
176 148
176 164
176 177
176 178
176 179
71 154
71 165
71 140
71 148
71 164
125 192
125 214
125 226
125 250
125 251
125 5
192 144
214 136
214 151
214 22
214 226
214 250
214 251
226 149
226 15
226 16
226 251
226 250
250 136
250 249
250 251
250 5
251 149
251 16
251 22
251 252
5 136
5 196
126 183
126 266
126 271
183 175
183 266
271 96
271 91
48 136
48 47
48 161
48 189
48 213
48 258
48 38
48 49
48 51
48 53
69 135
130 180
130 270
130 70
130 85
180 270
180 234
180 85
270 234
270 85
70 134
70 261
85 134
142 193
142 242
142 264
142 18
18 193
18 242
18 264
193 242
193 264
242 222
242 237
242 238
242 264
242 32
264 160
264 140
264 83
132 144
132 6
144 221
144 7
134 197
134 272
135 258
135 151
135 206
135 23
135 8
258 151
258 161
258 23
258 213
258 265
258 53
136 189
136 53
189 196
189 213
189 53
53 38
53 143
53 168
53 213
53 215
53 245
53 54
53 56
137 173
137 248
137 160
137 195
137 247
137 88
173 157
173 172
173 182
173 195
248 247
248 157
248 170
248 210
248 244
14 160
14 171
14 195
14 209
14 243
14 247
14 68
14 88
14 46
160 171
160 195
160 65
160 88
171 195
171 88
195 157
195 182
195 247
195 88
209 243
209 247
209 46
209 68
243 117
243 244
243 247
243 46
243 68
247 145
247 182
247 199
247 225
247 256
247 29
247 46
247 68
68 31
68 46
68 92
88 65
140 163
140 154
140 165
163 224
163 83
141 206
141 217
141 6
206 15
206 151
206 16
206 216
206 23
206 6
217 244
217 46
143 168
143 205
143 213
143 215
143 38
143 56
168 205
168 213
168 215
168 38
168 39
168 56
205 196
205 245
205 54
205 228
205 49
213 161
213 212
213 215
213 228
213 267
213 38
213 56
215 38
215 56
145 182
145 256
145 29
182 157
182 199
182 256
182 29
256 102
256 199
256 257
256 29
256 46
181 253
181 86
181 185
181 33
181 62
181 99
241 107
241 44
147 235
147 148
147 154
147 269
147 93
235 105
235 236
235 237
149 150
149 15
149 16
15 151
15 16
15 216
15 221
15 6
151 152
151 153
151 16
151 161
151 221
151 23
151 8
151 6
16 161
16 17
16 57
16 58
16 59
221 6
152 161
161 202
23 31
23 8
23 9
23 98
8 31
8 98
154 111
154 112
154 269
154 93
154 63
154 80
269 164
269 93
269 63
269 80
93 80
93 92
93 94
159 158
159 175
65 67
65 66
63 75
63 64
164 81
81 80
81 78
165 166
165 167
165 64
169 253
169 208
169 99
253 185
253 208
253 254
253 99
86 185
86 44
86 99
199 102
199 203
185 186
185 44
185 72
185 99
44 62
44 99
99 19
99 72
99 87
99 208
19 208
19 72
19 87
208 72
208 87
72 87
196 34
197 28
28 234
47 50
79 76
79 80
79 92
80 31
80 77
80 92
20 26
20 42
20 9
26 42
26 9
42 41
9 98
33 62
260 31
228 39
244 210
244 257
233 74
222 237
222 238
222 32
237 105
237 223
237 238
237 32
238 239
238 32
224 64
31 92
31 98
232 128
232 246
246 91
225 46
170 257
257 90
261 119
119 268
83 84
268 27
27 61
96 95
96 97
38 37
38 39
38 56
39 40
39 49
49 52
6 7
90 89
