344 1
344 168
168 370
287 2
287 30
287 44
287 53
287 91
287 225
287 226
287 259
287 307
287 365
287 384
287 390
287 401
287 500
30 53
30 384
30 401
44 53
53 384
53 401
225 307
225 259
225 365
225 390
259 307
259 365
259 390
259 444
307 142
307 365
307 390
365 390
384 401
187 3
187 84
187 94
187 204
187 299
187 317
187 424
187 476
187 503
3 476
84 337
84 299
84 94
84 283
84 317
84 424
84 503
94 299
94 503
204 24
204 121
204 40
204 379
204 385
204 392
204 499
204 516
299 200
299 31
299 258
299 361
299 388
299 492
299 497
299 503
476 366
476 490
503 227
366 490
194 4
194 39
194 209
4 209
39 26
39 97
39 207
39 208
243 5
243 349
243 430
243 441
243 478
5 349
5 430
5 441
5 478
349 143
349 430
349 438
349 441
349 478
430 441
430 478
441 113
441 275
441 346
441 478
441 484
143 48
143 6
143 122
143 230
143 391
143 438
438 43
113 18
113 59
113 80
113 116
113 117
113 131
113 139
113 145
113 146
113 155
113 219
113 234
113 239
113 241
113 279
113 284
113 295
113 346
113 368
113 419
113 452
113 466
113 474
113 484
346 484
48 6
48 122
48 244
48 437
6 122
244 437
66 7
66 71
66 87
66 93
66 99
66 110
66 213
66 252
66 264
66 297
66 357
66 400
66 442
66 453
66 457
7 87
7 93
7 110
7 213
7 297
7 453
71 93
71 163
71 282
71 355
71 457
71 435
71 28
71 47
71 137
71 152
71 186
71 188
71 252
71 256
71 260
71 264
71 265
71 314
71 354
71 357
71 358
71 369
71 389
71 402
71 442
71 451
71 486
71 493
71 511
87 93
87 110
87 213
87 297
87 453
93 11
93 12
93 13
93 65
93 75
93 77
93 110
93 120
93 137
93 147
93 162
93 163
93 165
93 169
93 186
93 188
93 213
93 252
93 256
93 261
93 265
93 266
93 282
93 290
93 297
93 298
93 314
93 318
93 321
93 333
93 342
93 354
93 355
93 357
93 377
93 381
93 397
93 410
93 423
93 451
93 453
93 457
93 463
93 475
93 493
93 511
99 457
110 38
110 61
110 106
110 107
110 163
110 213
110 233
110 297
110 372
110 411
110 453
213 297
213 453
252 258
252 380
252 403
252 63
252 127
252 164
252 165
252 176
252 249
252 264
252 268
252 277
252 278
252 319
252 320
252 321
252 330
252 334
252 357
252 375
252 442
252 475
252 481
264 357
264 402
264 442
297 453
357 282
357 457
357 389
357 186
357 152
357 188
357 236
357 255
357 256
357 314
357 345
357 354
357 371
357 383
357 442
357 486
357 493
357 511
457 81
457 15
457 313
457 56
457 101
457 137
457 186
457 188
457 205
457 218
457 253
457 256
457 285
457 314
457 340
457 354
457 389
457 469
457 493
457 506
457 511
11 163
11 169
11 251
11 282
11 333
11 355
11 364
12 163
12 13
12 120
12 162
12 463
13 163
13 120
13 162
13 463
65 381
65 397
75 169
75 355
75 463
75 265
75 266
75 298
75 321
77 355
77 137
120 163
120 162
120 463
137 163
137 355
137 389
137 101
137 56
137 253
137 260
137 285
137 340
137 469
147 261
162 163
162 463
163 38
163 54
163 61
163 106
163 107
163 169
163 233
163 260
163 267
163 302
163 304
163 332
163 333
163 355
163 372
163 389
163 411
163 463
165 265
165 164
165 277
165 278
165 290
165 375
165 423
169 121
169 142
169 229
169 257
169 265
169 266
169 298
169 321
169 336
169 355
186 355
186 121
186 54
186 188
186 256
186 294
186 314
186 354
186 377
186 397
186 493
186 511
188 256
188 314
188 354
188 493
188 511
256 389
256 314
256 354
256 493
256 511
265 355
265 389
265 47
265 266
265 290
265 298
265 321
265 423
265 451
266 355
266 298
266 321
282 255
282 333
282 345
282 371
290 423
298 355
298 463
298 321
314 354
314 493
314 511
318 463
321 355
321 285
321 319
321 320
321 416
321 481
333 267
333 302
333 304
354 389
354 493
354 511
355 260
355 358
355 377
381 397
397 179
397 373
397 382
397 475
451 47
475 373
475 179
475 382
493 511
38 61
38 106
38 107
38 233
38 372
38 411
61 106
61 107
61 233
61 372
61 411
106 107
106 233
106 372
106 411
107 233
107 362
107 372
107 411
233 237
233 372
233 411
372 237
372 411
269 8
269 95
269 111
269 151
269 183
269 315
269 399
95 160
95 399
95 502
95 247
95 440
111 286
111 338
111 446
111 485
151 306
151 183
151 315
183 315
399 207
399 160
399 69
399 327
399 73
399 138
399 157
399 247
399 329
399 376
399 398
399 440
399 466
399 502
262 9
262 51
262 72
262 178
262 235
262 426
262 509
51 452
51 52
51 80
51 235
72 178
72 426
72 509
178 426
178 509
426 509
280 10
280 347
280 378
280 393
280 432
10 347
10 378
10 393
10 432
347 378
347 393
347 432
378 393
378 432
378 470
393 432
470 42
251 364
364 115
364 125
364 192
364 436
54 332
54 439
267 302
267 304
302 304
389 435
389 28
389 369
389 56
389 101
389 152
389 253
389 285
389 322
389 340
389 469
389 486
121 24
121 32
121 153
121 170
121 196
121 216
121 223
121 229
121 250
121 257
121 294
121 306
121 336
121 348
121 396
121 403
121 414
121 448
121 504
121 505
121 516
142 46
142 309
142 328
229 336
229 257
257 435
257 336
257 80
257 135
257 427
336 45
336 64
336 246
336 348
255 345
115 45
115 291
115 24
115 271
115 356
115 374
115 421
115 445
115 450
192 436
192 166
192 109
192 228
192 387
436 144
436 85
436 181
422 14
422 343
422 510
422 515
510 74
515 403
515 57
81 15
81 313
81 462
81 506
15 313
15 506
313 506
56 101
56 253
56 285
56 340
56 469
101 253
101 285
101 340
101 383
101 469
205 218
218 172
218 175
218 495
253 285
253 340
253 469
285 119
285 167
285 340
285 416
285 469
340 469
67 16
67 41
67 134
67 182
67 271
67 405
67 434
67 514
134 29
134 182
134 394
134 434
134 514
182 434
182 154
182 161
182 171
182 308
182 514
271 45
271 291
271 380
271 421
434 29
434 394
434 514
26 17
26 24
26 25
26 82
26 97
26 128
26 129
26 207
26 208
26 415
17 128
17 456
24 415
24 32
24 198
24 305
24 306
24 374
24 379
24 414
24 417
24 499
24 516
25 82
25 129
82 129
97 104
97 159
97 207
97 208
97 240
128 215
128 456
207 208
415 34
415 20
415 337
415 202
415 418
456 184
456 191
456 215
456 306
456 455
184 136
184 455
306 32
306 198
306 414
306 417
306 443
306 516
455 324
455 487
18 452
59 219
59 239
59 241
59 474
80 248
80 58
80 62
80 108
80 126
80 135
80 300
80 310
80 331
80 408
80 489
80 498
116 117
131 89
131 224
131 491
139 368
145 155
145 279
145 419
146 474
155 279
155 419
219 239
219 241
219 474
234 295
239 241
239 474
241 474
279 419
452 52
466 96
52 339
52 447
52 501
477 19
477 105
477 402
477 459
105 402
34 20
34 337
34 418
20 337
20 418
337 36
337 283
337 418
248 21
248 173
248 273
248 292
248 395
21 292
173 292
45 22
45 49
45 50
45 64
45 222
45 291
45 380
45 421
50 316
50 380
291 23
291 148
291 177
291 421
380 403
148 177
177 98
177 86
177 449
32 414
32 516
198 417
379 499
414 516
516 203
516 385
356 445
356 450
445 450
170 294
196 294
250 396
294 201
294 504
403 57
403 174
403 189
403 448
385 193
392 254
104 240
263 27
27 386
27 433
27 435
386 433
433 367
435 28
435 88
435 369
435 413
435 427
28 369
88 114
88 323
88 409
88 471
152 486
486 118
486 158
486 289
486 428
486 479
29 404
200 31
200 210
200 211
200 258
200 361
200 388
200 492
200 497
31 258
31 361
31 388
31 492
31 497
210 211
258 361
258 388
258 412
258 467
258 492
258 497
361 388
361 492
361 497
388 492
388 497
492 497
412 467
83 33
83 35
83 92
83 132
83 150
83 156
83 238
83 296
83 310
83 370
83 512
33 92
33 132
33 150
33 156
33 238
33 296
33 370
33 512
35 55
35 70
35 231
35 232
35 406
92 132
92 150
92 156
92 190
92 238
92 296
92 370
92 431
92 512
132 37
132 150
132 156
132 238
132 274
132 276
132 296
132 370
132 425
132 483
132 512
150 156
150 238
150 296
150 370
150 512
156 238
156 296
156 370
156 512
238 296
238 370
238 512
296 370
296 512
310 62
310 102
310 108
310 293
310 300
310 408
310 498
370 512
190 60
190 431
190 496
37 274
37 276
37 425
37 483
274 133
274 276
274 350
274 352
274 425
274 483
276 425
276 483
425 483
55 231
55 232
55 406
231 232
231 406
231 407
232 406
406 407
133 352
133 124
133 76
133 325
133 350
133 494
350 352
350 124
350 76
352 149
352 68
352 199
352 351
352 76
352 124
352 353
352 465
352 468
123 42
123 140
123 242
123 429
42 140
42 242
42 429
140 130
140 242
140 245
140 300
140 429
140 460
140 461
242 112
242 141
242 221
242 429
242 464
130 460
130 461
300 108
300 293
300 311
300 408
300 480
460 461
112 141
112 221
112 464
141 221
141 326
141 464
221 220
221 326
221 420
221 464
221 513
328 100
339 447
339 501
447 501
58 331
62 126
108 408
498 272
383 236
119 167
57 482
174 189
78 60
78 363
60 281
60 363
60 496
127 268
164 195
164 277
164 278
164 375
249 334
277 278
277 375
278 375
319 320
319 481
320 481
179 373
179 382
373 288
373 79
373 359
373 382
382 303
382 454
154 161
149 68
149 90
149 199
149 335
149 351
149 353
149 468
68 199
68 351
68 353
68 468
90 335
199 351
199 353
199 468
351 353
351 468
353 468
76 124
160 69
160 327
160 440
160 502
69 327
440 502
502 157
502 73
502 270
502 473
73 157
247 376
118 158
118 289
118 479
158 289
158 479
289 479
270 473
288 79
288 359
79 359
272 217
272 458
144 85
144 181
85 181
85 185
85 212
185 212
98 86
98 449
86 449
114 323
114 409
323 409
89 214
89 488
89 491
214 341
214 488
197 103
197 217
197 301
197 312
197 360
103 217
103 301
103 312
103 360
217 301
217 312
217 360
217 458
301 312
301 360
312 360
166 109
166 228
166 387
109 228
109 387
228 387
286 338
446 485
220 420
206 172
206 507
206 508
172 495
172 507
172 508
507 508
303 454
324 180
324 472
324 487
