1 6
1 7
1 99
1 223
6 179
7 2
7 4
7 21
7 23
7 177
7 179
7 180
7 181
7 182
7 183
99 5
99 52
99 97
223 21
223 153
223 154
2 10
4 69
4 188
4 5
4 23
4 138
21 23
21 14
21 45
21 57
21 190
23 11
23 14
23 22
23 226
23 231
177 26
177 90
177 157
177 158
180 155
181 89
181 90
181 157
181 158
182 156
183 159
5 11
5 19
5 30
5 96
52 212
10 9
10 59
10 61
10 186
10 224
10 227
9 69
9 188
9 11
59 57
59 58
59 127
59 213
59 215
61 25
61 55
61 87
61 109
61 216
61 229
186 69
186 136
186 176
224 72
224 162
227 41
227 76
3 69
3 161
3 163
3 187
3 188
69 68
161 185
187 11
187 164
185 19
185 135
11 19
11 105
11 106
11 108
11 130
11 196
11 197
11 225
138 189
19 194
19 195
30 117
30 194
30 198
30 206
14 15
14 63
14 64
14 100
14 178
22 190
226 102
226 166
231 15
189 95
108 198
130 220
196 137
197 20
225 12
225 141
194 18
194 47
194 73
194 74
194 114
194 115
195 75
195 140
198 20
198 31
198 118
198 168
206 29
45 27
45 37
45 39
45 40
45 82
45 85
45 86
45 121
45 122
45 207
45 208
45 212
57 126
190 139
26 77
26 193
26 70
26 31
26 42
26 43
8 17
8 65
8 91
8 132
8 133
8 184
17 38
17 66
17 67
17 77
17 192
17 193
132 16
132 70
184 160
38 24
38 111
38 122
77 37
77 43
192 16
193 18
193 24
193 25
16 71
16 103
16 104
16 232
70 232
70 20
70 62
213 46
213 170
215 60
25 49
25 112
25 113
55 109
55 39
55 41
55 50
55 56
55 83
55 84
55 123
55 124
55 150
55 219
55 221
109 35
216 62
229 46
229 171
176 137
41 62
41 205
220 131
20 27
20 107
20 141
12 13
12 94
12 98
94 18
18 92
18 134
15 48
100 101
178 88
178 152
48 147
48 203
48 209
48 210
48 214
147 204
147 211
203 39
203 40
209 47
210 49
214 172
232 167
24 62
24 111
111 202
37 35
37 44
43 42
43 199
134 93
47 29
47 82
47 145
47 230
27 199
199 28
199 32
62 217
62 230
31 28
31 228
118 119
207 44
208 46
212 120
139 191
217 53
217 54
230 146
202 143
202 169
49 112
49 204
112 113
204 116
204 144
228 32
228 80
33 200
33 201
200 36
201 34
201 44
201 142
36 110
34 35
34 191
44 51
44 53
44 143
142 148
191 165
56 124
56 219
56 222
221 151
205 78
205 79
205 81
46 125
211 173
211 174
54 128
222 175
129 218
218 148
218 149
