5 1
5 9
1 563
563 2
563 549
563 562
563 567
10 2
10 9
10 104
11 3
11 12
11 38
11 566
3 34
3 35
3 104
3 475
34 13
34 104
34 553
35 8
35 26
35 104
35 710
104 9
104 13
475 710
475 724
7 4
7 6
7 37
7 101
7 102
7 103
4 27
4 101
4 102
4 103
27 28
27 29
27 30
27 101
101 102
101 103
102 20
102 37
102 103
103 6
103 478
6 37
6 98
37 20
98 38
26 8
8 724
724 412
724 711
724 718
724 719
724 720
724 721
724 722
724 723
724 725
724 734
38 39
38 412
566 550
566 551
566 555
566 561
566 567
413 14
413 99
413 412
16 15
15 17
15 18
15 19
15 411
411 410
411 476
411 477
411 486
21 20
21 22
21 23
21 24
21 25
32 31
32 100
31 100
100 33
100 725
100 732
553 503
553 561
553 710
711 36
711 734
39 99
412 410
412 478
412 709
41 40
41 42
41 44
40 43
40 45
43 146
45 49
44 486
146 147
486 731
49 50
49 53
48 46
48 47
48 54
48 506
54 53
54 425
54 445
54 447
506 443
50 51
50 52
53 55
52 125
125 123
125 124
125 126
125 129
125 546
425 423
425 426
425 427
425 466
445 446
445 447
447 80
447 449
447 537
63 56
63 64
63 65
66 57
66 67
66 68
66 74
66 183
66 226
70 58
70 69
70 182
70 196
70 1063
70 1065
70 1074
67 59
67 68
67 69
68 60
68 74
68 90
68 201
130 61
130 133
130 173
130 213
129 62
129 126
64 71
64 131
64 226
65 1095
71 72
131 132
131 133
131 136
226 158
226 183
1095 1077
1095 1096
1095 1100
1095 1105
1095 1113
74 75
74 76
74 78
74 80
74 119
183 153
183 181
183 182
183 184
183 201
90 91
201 163
201 166
201 200
201 218
182 159
182 205
182 221
1063 1074
1065 1077
1065 1080
1074 527
1074 1073
1074 1075
1074 1081
1074 1086
72 73
72 121
121 120
121 122
121 504
75 204
75 810
75 918
76 77
76 78
76 127
78 79
78 452
80 81
80 452
119 118
119 123
810 811
810 918
918 532
918 814
918 885
918 917
918 919
918 1130
77 1050
127 124
127 128
1050 660
1050 672
1050 675
1050 1043
1050 1044
1050 1051
1050 1052
79 416
79 417
79 454
452 453
416 433
416 462
417 433
417 462
454 455
81 448
81 450
81 464
448 464
450 449
450 451
464 465
464 545
94 82
94 83
94 93
94 96
94 264
94 318
94 325
95 84
95 97
95 262
95 268
95 300
87 85
87 86
87 88
85 126
126 116
86 241
86 251
86 253
86 267
86 269
86 283
86 291
86 293
86 294
86 302
86 315
241 242
241 246
241 253
241 257
241 266
241 275
241 279
241 289
241 291
241 292
241 293
241 294
241 299
241 310
241 321
241 327
251 267
267 282
267 284
267 302
269 284
283 292
291 288
293 93
294 93
315 273
315 304
315 305
315 312
315 316
315 319
315 323
105 89
105 106
105 109
89 115
115 91
115 113
91 92
91 108
91 116
92 93
108 107
108 110
116 117
93 252
93 264
93 271
93 288
93 292
93 322
93 323
93 324
93 325
93 326
252 310
252 313
264 311
322 306
322 316
323 308
324 325
326 311
96 145
96 704
96 705
318 145
318 270
318 704
97 268
262 268
262 276
262 314
268 270
268 301
300 265
300 696
145 703
478 471
478 477
478 708
478 709
109 1029
110 111
110 328
110 367
110 370
1029 1013
1029 1015
1029 1017
111 367
111 368
111 701
367 346
367 368
367 372
370 112
370 342
113 112
113 114
113 690
112 686
686 687
686 688
114 1009
690 691
690 694
690 697
1009 1010
1009 1018
1009 1019
1009 1021
1009 1022
1009 1040
123 122
122 124
504 213
504 505
546 542
133 134
173 150
173 172
173 184
213 156
213 184
132 144
132 742
136 135
136 141
144 143
144 827
742 736
742 738
742 740
742 743
135 139
135 740
139 137
139 140
740 741
740 744
141 137
141 138
137 761
761 760
761 766
761 767
138 877
138 882
877 866
877 868
877 870
877 878
877 883
882 872
882 873
882 875
882 879
882 881
140 829
140 830
829 833
829 839
830 833
830 840
258 142
258 255
258 261
258 327
142 366
366 237
366 351
366 699
143 743
143 745
143 826
743 161
743 222
743 735
743 737
743 746
745 746
147 148
166 149
166 164
166 165
166 192
166 218
175 151
175 165
175 167
175 179
180 152
180 168
180 209
207 154
207 176
207 177
207 208
207 224
198 155
198 191
198 193
219 157
219 220
219 230
159 205
205 221
172 160
172 222
172 755
160 233
233 222
222 161
222 221
222 225
163 162
163 186
163 227
162 169
162 209
162 223
162 232
169 187
209 168
209 187
223 232
232 228
232 231
186 187
186 218
227 228
165 167
165 194
194 170
194 216
192 199
192 218
192 220
218 210
218 216
187 185
187 188
187 206
188 170
178 171
178 176
178 214
178 217
171 217
217 210
217 214
755 764
184 193
211 174
211 189
211 191
211 195
211 212
174 216
216 189
216 206
179 203
177 176
203 202
221 225
193 199
193 208
199 190
195 191
191 197
197 212
200 202
224 1026
215 210
1026 1027
228 229
228 231
236 234
236 235
236 286
234 307
307 266
235 243
235 270
235 272
235 298
235 299
270 238
270 239
270 275
270 279
270 280
270 320
272 244
298 245
298 295
299 297
261 237
237 287
237 309
237 702
309 278
702 688
239 238
239 281
259 240
259 278
242 244
242 245
246 310
257 250
289 250
289 260
289 277
321 256
248 247
248 255
247 255
255 254
255 260
255 263
282 249
250 263
250 317
317 256
254 285
285 277
290 256
276 265
314 301
274 273
274 312
273 303
303 312
297 296
305 304
304 329
329 319
335 330
335 337
336 331
336 337
337 332
337 338
337 339
337 340
350 333
350 334
350 349
338 340
339 340
340 341
340 342
341 342
342 343
342 344
342 345
343 346
344 346
345 346
346 347
346 349
347 348
349 348
353 352
353 363
353 382
352 408
352 409
409 404
363 364
363 365
363 373
363 374
363 388
363 395
363 407
363 474
382 354
354 383
383 356
383 384
383 385
383 386
383 387
383 392
375 355
375 376
375 377
375 378
375 379
375 380
375 381
375 389
375 404
356 398
398 395
394 357
394 395
357 395
395 388
395 392
395 399
395 405
395 406
395 407
395 474
479 358
479 361
479 393
479 406
479 480
479 714
479 726
474 359
474 393
474 473
715 360
715 714
361 480
403 362
362 714
714 401
714 712
714 713
714 734
388 389
388 390
388 391
388 401
388 405
699 688
699 700
372 371
371 369
401 402
406 396
406 483
406 716
406 717
396 716
396 717
716 397
716 717
717 397
473 400
483 482
410 731
731 727
731 728
731 729
731 730
476 482
709 484
709 708
431 414
431 428
414 433
433 415
433 434
433 510
433 564
432 415
432 428
462 463
419 418
418 545
545 542
421 420
420 422
420 470
470 443
423 516
516 424
516 443
516 515
466 424
466 467
426 437
426 519
437 438
437 439
437 441
437 458
519 957
519 967
429 428
428 430
510 435
510 520
564 456
564 555
534 436
534 509
534 531
534 535
534 536
534 542
439 440
439 460
441 442
458 444
458 459
458 460
460 461
444 443
537 536
457 456
465 968
968 961
968 965
544 468
544 543
543 469
543 541
543 542
472 471
471 481
471 492
471 707
471 708
481 484
481 485
481 491
481 492
481 733
492 489
492 490
492 491
492 707
707 493
707 706
707 726
484 733
485 491
491 487
491 488
491 734
505 494
505 501
505 521
505 526
505 578
513 495
513 503
513 514
513 540
521 496
521 501
521 507
521 522
522 497
522 507
522 523
523 498
523 582
523 770
523 779
523 802
500 499
499 819
499 914
819 528
819 820
914 511
914 538
914 885
914 898
914 935
914 938
914 963
502 501
502 607
502 609
502 613
502 937
501 507
501 531
501 536
507 503
507 508
507 509
507 515
507 547
531 526
531 532
536 515
536 538
536 539
536 542
607 585
607 596
607 605
609 1068
613 585
937 884
937 886
937 921
937 927
937 928
937 936
526 527
578 530
578 780
508 619
508 639
508 781
509 511
509 515
509 520
515 517
515 518
515 547
619 620
639 618
639 623
639 627
781 775
781 776
511 926
520 512
926 898
926 915
514 790
514 795
540 800
790 791
790 795
795 568
795 773
795 777
795 794
517 993
517 995
993 988
993 994
995 988
995 997
995 998
957 948
957 958
957 967
957 973
582 576
770 823
779 778
779 780
779 787
802 577
802 773
802 784
802 785
802 1137
533 524
524 985
524 1001
985 987
985 989
1001 976
568 525
568 773
527 921
527 933
527 1068
527 1073
527 1124
921 821
921 894
921 923
921 924
921 927
921 933
933 934
933 942
1068 584
1068 1066
1068 1069
1068 1092
1124 1135
529 528
528 809
809 538
809 920
530 583
530 780
530 797
530 803
583 780
583 803
780 797
780 949
797 581
797 776
797 785
797 798
797 803
797 805
797 1119
803 804
532 554
532 647
532 652
532 663
532 668
532 672
532 673
532 677
532 908
532 912
532 1047
554 574
554 909
647 1041
652 644
652 653
652 663
652 666
652 668
652 676
652 1054
672 649
672 658
672 662
672 673
672 682
672 1049
672 1052
672 1058
672 1121
677 654
677 659
677 661
677 678
677 1041
677 1059
908 890
908 899
908 912
908 917
908 927
912 911
1047 680
1047 1045
535 885
885 813
885 822
538 948
538 953
538 964
948 952
948 955
948 958
948 964
953 955
800 777
800 794
551 548
551 552
551 555
552 558
552 560
555 556
555 557
558 557
558 979
558 980
558 986
558 989
558 991
558 998
558 1000
560 980
561 562
909 812
909 814
909 910
556 559
556 579
556 621
556 903
559 579
579 570
579 580
579 782
579 783
579 895
579 927
621 624
621 1061
903 987
979 983
986 983
989 976
989 978
989 990
991 916
991 992
998 981
998 997
567 565
773 774
773 801
785 569
785 786
785 788
785 796
776 571
776 581
776 775
776 796
776 1127
783 572
783 782
796 573
796 581
796 630
796 788
796 799
581 575
581 799
576 784
786 577
786 1128
577 1090
1090 1091
580 587
782 600
895 886
895 1125
927 816
927 886
927 892
927 928
587 598
587 614
799 792
585 584
585 659
597 586
597 588
597 596
595 588
595 590
591 589
591 601
590 616
601 600
601 602
601 633
611 592
611 615
604 593
604 603
604 612
604 615
600 594
596 603
603 605
603 1092
1105 599
602 640
610 606
610 608
608 1101
1101 1100
1101 1120
1123 617
1123 884
629 618
629 637
629 643
620 632
632 634
632 641
624 638
1061 1059
625 622
625 635
622 641
623 642
642 628
635 626
635 630
635 636
634 626
631 628
631 630
636 1094
1094 789
644 662
650 645
650 653
645 1060
664 646
664 1056
646 1051
1051 667
1051 1056
678 648
678 656
648 1042
649 1055
1055 657
1055 1056
1055 1058
653 1048
670 651
670 1121
651 1045
666 681
676 1043
1054 1049
654 1057
1057 680
657 655
655 665
665 682
671 658
671 679
660 1058
1058 669
1058 1046
681 1053
679 669
675 674
674 1046
1053 1044
689 683
689 684
689 688
689 693
691 685
691 692
691 695
688 694
688 700
694 695
693 695
697 698
728 727
730 729
744 739
744 756
741 749
741 759
749 753
759 750
756 757
748 747
748 757
747 758
757 752
757 754
751 750
752 762
762 763
754 765
766 768
768 769
768 772
772 771
793 777
793 794
793 825
787 949
949 932
788 789
788 1132
792 1110
1110 1114
825 824
798 1114
805 1138
1119 1104
1119 1111
1114 1115
1114 1116
821 806
821 888
821 897
887 807
887 896
887 897
897 808
897 896
897 913
897 917
897 944
813 940
813 1122
940 919
940 954
1122 1136
815 814
817 816
817 818
817 907
907 923
888 924
880 822
822 935
935 947
837 828
828 838
828 874
838 859
838 860
874 834
874 878
833 843
841 831
831 869
869 832
869 836
869 852
869 863
869 864
869 866
869 868
869 870
842 832
844 834
845 835
835 862
862 863
846 836
860 861
848 847
848 873
873 850
873 858
854 849
849 863
849 864
864 865
855 850
856 851
851 858
857 852
876 853
876 875
878 867
868 871
871 870
924 925
917 889
917 890
917 930
891 890
893 892
892 899
899 900
894 936
894 1126
936 1134
913 901
944 904
944 943
901 1129
1129 1135
906 902
906 922
906 939
987 999
905 904
904 939
922 930
922 1133
963 961
963 972
930 931
928 929
954 941
954 959
961 945
961 962
965 946
965 951
965 969
952 960
955 950
951 950
951 969
951 975
950 956
969 970
960 973
962 966
966 971
972 971
983 974
977 976
982 981
981 984
997 996
1027 1002
1027 1023
1027 1028
1027 1035
1035 1003
1035 1006
1035 1036
1032 1004
1032 1034
1032 1036
1039 1005
1039 1013
1039 1014
1007 1006
1006 1013
1006 1019
1006 1021
1006 1030
1013 1023
1013 1030
1013 1037
1013 1038
1019 1033
1021 1020
1030 1031
1023 1008
1023 1024
1023 1025
1040 1011
1040 1012
1024 1016
1024 1034
1016 1034
1025 1028
1072 1062
1072 1075
1062 1085
1085 1078
1075 1064
1075 1082
1064 1087
1087 1083
1077 1070
1077 1076
1077 1078
1077 1080
1077 1088
1071 1067
1071 1088
1069 1086
1070 1113
1078 1084
1117 1079
1117 1120
1106 1089
1106 1109
1089 1112
1112 1096
1112 1102
1091 1093
1091 1108
1093 1098
1098 1099
1096 1103
1096 1107
1100 1097
1118 1104
1136 1131
