1 222
1 286
222 9
222 172
286 48
2 9
2 228
2 298
228 5
228 33
228 280
298 312
298 313
298 407
3 95
3 166
95 246
166 34
4 126
4 259
126 168
259 148
5 83
83 124
6 109
6 213
109 271
213 151
213 231
7 45
7 65
45 210
45 234
65 143
8 38
8 117
8 119
8 199
8 211
8 267
38 105
117 72
119 120
119 199
199 211
199 284
199 389
267 39
10 49
10 106
10 216
10 303
49 212
106 191
216 93
216 266
303 304
303 424
11 122
11 124
122 20
122 152
122 155
122 348
124 40
124 239
12 25
12 80
25 158
25 193
25 289
25 305
80 14
13 90
13 294
90 136
294 79
294 154
294 293
294 295
14 245
245 163
245 178
245 226
245 254
245 407
15 24
15 86
15 137
15 165
15 304
24 187
86 201
137 208
165 209
165 255
165 346
304 346
16 57
16 277
57 192
277 37
277 46
277 60
277 131
277 135
277 160
277 428
17 223
17 231
223 141
231 230
231 403
18 251
18 289
251 107
251 135
19 201
19 236
201 47
201 183
236 266
20 141
21 75
21 273
75 44
75 70
75 71
75 241
75 328
273 102
22 27
22 227
27 69
227 96
23 34
23 89
34 48
34 136
34 167
34 196
34 310
89 293
187 242
158 276
193 107
193 160
305 345
305 366
305 394
305 407
305 420
305 428
305 436
26 202
26 250
202 108
202 112
202 261
250 282
69 214
69 262
69 326
28 33
28 140
140 192
29 54
29 238
54 108
238 58
30 149
30 154
149 56
31 96
31 97
31 308
97 288
308 306
308 419
308 421
32 157
32 271
157 230
271 219
167 94
196 85
310 311
310 312
310 370
310 410
310 426
35 370
370 354
370 410
370 427
36 265
36 281
265 113
281 68
281 131
281 174
281 204
37 68
105 291
39 104
104 253
40 293
41 98
41 214
98 170
98 288
42 264
264 43
264 93
264 111
264 424
43 287
287 132
287 212
287 242
44 67
44 146
44 188
67 296
146 61
146 188
146 224
146 367
210 99
234 76
234 235
234 268
234 404
46 81
81 226
47 182
182 208
50 171
50 185
171 114
171 186
171 240
171 383
185 207
51 168
51 272
272 52
272 172
272 173
272 425
52 237
237 147
53 318
318 359
318 361
318 395
318 423
108 59
108 121
108 344
55 206
55 290
206 156
206 204
206 258
206 283
206 392
290 192
56 132
56 151
56 176
176 239
192 128
192 189
58 125
58 232
58 284
58 319
125 156
284 112
319 324
319 442
59 282
61 224
224 123
224 150
62 152
62 190
190 230
63 113
63 184
113 74
113 275
113 345
184 258
64 322
322 315
322 377
322 386
322 430
143 215
143 292
143 358
66 203
66 253
203 159
203 205
203 244
203 391
253 161
253 205
253 291
253 417
296 233
262 123
326 309
326 332
326 458
70 198
198 270
71 197
197 88
72 142
142 73
142 78
142 120
142 138
142 357
73 129
129 116
74 100
74 133
74 217
133 276
217 82
241 150
328 309
328 437
76 255
77 118
118 84
118 347
78 144
144 130
79 215
82 252
252 416
84 195
195 207
85 139
139 292
87 331
331 325
331 418
331 435
88 161
91 333
333 334
333 335
333 376
92 337
337 388
337 429
337 448
94 247
247 269
246 148
170 229
101 221
101 233
221 130
233 159
233 175
233 200
102 229
229 114
229 270
229 402
103 343
343 299
343 315
343 377
343 432
191 183
107 135
121 134
344 503
110 162
110 189
162 254
111 219
275 156
345 406
345 416
345 442
115 134
115 194
194 156
116 200
200 244
347 383
347 445
347 448
155 128
348 351
348 356
348 394
348 492
156 278
156 285
127 349
349 350
349 398
208 209
138 261
357 327
357 384
357 389
358 355
358 404
145 359
359 360
359 385
359 423
367 332
367 368
367 390
147 369
369 409
369 414
148 220
148 260
220 269
220 396
260 169
153 376
376 414
278 283
278 285
163 280
164 382
382 350
382 371
382 381
382 398
382 419
382 443
346 404
169 173
186 207
383 402
383 435
177 385
385 334
385 335
385 360
385 363
385 386
385 387
385 395
178 249
249 415
179 388
388 360
388 406
388 442
180 207
207 181
242 268
389 324
391 390
392 442
218 395
395 409
395 414
396 410
225 401
401 350
401 352
401 398
401 421
402 422
403 356
403 424
235 295
243 406
406 416
248 414
414 334
414 335
414 410
414 413
414 425
415 361
415 363
415 412
416 442
417 324
417 384
417 390
417 435
417 437
417 438
256 418
418 321
257 419
263 423
423 365
423 366
424 353
274 427
427 355
427 426
428 380
428 394
279 429
429 325
429 329
429 399
429 430
297 448
299 300
299 336
299 339
336 320
336 386
339 340
339 400
301 371
302 372
372 399
394 393
420 316
436 365
306 307
306 309
306 378
306 379
306 434
307 381
309 321
309 332
309 341
309 342
309 422
378 434
378 648
379 441
379 650
434 435
434 571
381 431
421 352
421 373
421 374
421 405
421 422
421 443
422 445
311 645
410 409
410 412
426 351
645 619
645 646
645 647
314 315
314 413
315 386
413 393
413 408
316 380
317 377
317 432
432 338
432 398
432 431
432 433
361 362
442 441
430 400
323 393
323 456
393 408
393 441
393 566
456 457
456 518
456 544
456 564
456 571
458 585
327 579
579 471
437 439
330 433
435 438
338 340
338 400
400 397
503 519
445 446
492 509
398 397
352 375
375 373
375 374
353 572
572 517
572 567
363 364
399 397
648 649
648 655
650 655
431 613
443 444
408 411
408 566
408 618
566 518
566 567
566 568
618 619
438 439
613 614
613 644
439 440
446 447
449 502
449 562
502 495
502 522
502 554
562 472
562 530
450 525
450 533
525 573
533 454
533 510
533 522
451 484
451 500
484 497
484 507
484 529
500 475
500 480
500 539
500 582
452 466
452 486
466 569
486 496
453 555
453 573
555 504
555 517
555 520
555 534
555 538
555 581
573 541
454 553
454 559
553 547
559 515
455 561
455 584
561 570
584 480
584 513
457 508
457 523
457 536
457 552
457 557
457 575
518 526
518 564
544 651
544 659
564 526
564 565
508 464
523 532
536 461
536 481
536 552
536 574
536 575
557 470
575 463
575 494
575 499
575 514
575 516
585 465
585 548
585 556
459 534
459 580
580 489
580 512
460 510
460 578
578 493
461 560
560 582
462 470
462 479
470 475
479 480
464 475
464 558
464 565
464 582
475 558
475 565
558 528
565 480
565 582
582 480
465 476
465 535
465 556
476 543
569 474
569 520
569 568
569 577
467 482
467 545
482 469
482 488
482 512
482 521
482 542
545 489
468 546
546 495
469 524
469 528
528 539
471 514
471 543
471 548
471 549
471 576
549 499
576 488
472 511
472 583
511 570
583 570
473 489
473 501
489 478
489 567
501 509
501 517
474 490
474 493
474 504
474 563
477 529
477 570
478 505
478 517
478 521
478 527
505 538
517 483
480 491
480 497
480 537
491 513
488 516
488 519
483 515
485 519
485 540
540 506
496 539
487 509
487 567
509 498
509 567
509 586
567 581
498 506
554 551
586 581
532 574
530 531
541 550
651 652
659 652
659 653
659 657
659 658
547 551
581 577
587 590
587 628
590 591
590 608
590 632
590 634
628 593
628 595
628 601
628 608
628 630
628 632
588 595
588 608
595 632
595 639
589 610
589 640
610 597
610 598
610 611
610 627
610 640
640 604
640 611
640 624
640 641
591 662
634 660
662 653
662 655
662 658
662 660
662 661
592 604
604 611
593 594
593 596
593 601
593 619
593 647
594 642
594 646
596 619
596 643
601 633
619 620
642 615
646 615
639 598
639 617
639 625
639 629
643 621
643 644
597 598
597 602
597 635
598 602
598 611
598 623
598 627
598 635
599 606
599 614
606 622
600 612
600 629
612 631
629 605
633 605
633 609
603 609
605 626
626 607
626 631
622 615
622 621
607 616
607 638
616 617
638 636
624 661
661 655
661 656
661 660
660 653
660 655
660 656
636 637
655 654
655 658
652 656
652 657
656 653
656 654
656 658
657 654
657 658
653 654
653 658
654 658
