1 29
1 172
1 263
1 287
1 298
1 363
29 322
172 274
172 332
172 366
263 291
287 34
287 290
287 385
363 2
363 421
322 89
322 399
274 25
332 10
332 292
332 37
332 211
332 366
366 395
366 224
366 268
366 211
366 233
291 243
34 106
34 385
290 319
385 255
2 167
2 242
2 277
421 19
167 255
167 360
242 4
242 153
242 211
242 292
277 239
277 404
277 405
255 153
255 224
255 120
255 423
360 65
360 381
4 153
292 10
292 224
239 404
239 405
404 405
3 71
3 334
3 427
71 198
71 227
71 335
334 62
198 45
198 111
198 335
227 119
227 31
227 128
227 204
227 245
62 207
5 281
5 391
281 181
281 246
281 337
391 88
391 212
391 228
181 246
181 31
181 92
181 155
181 244
181 328
246 12
246 15
246 169
246 84
246 92
246 109
337 350
337 98
337 212
337 316
88 46
88 86
88 92
88 98
212 114
228 86
228 163
228 286
228 352
228 396
6 77
6 351
77 102
77 128
77 262
77 288
351 201
102 7
102 38
102 67
102 194
102 200
102 262
128 189
128 31
128 73
128 83
128 204
128 209
128 229
128 310
128 320
128 324
128 331
128 336
128 353
128 354
262 119
262 80
288 126
201 9
201 97
201 197
7 9
7 95
7 236
9 97
9 189
95 38
95 55
95 131
236 131
97 189
189 111
189 183
189 204
38 55
67 80
194 341
194 133
200 28
200 80
200 94
200 282
200 294
200 412
8 221
8 388
8 428
221 18
221 24
221 28
221 82
221 87
221 129
221 235
221 278
221 279
388 82
388 225
388 235
388 358
428 164
18 164
18 56
18 275
18 358
18 368
18 398
18 426
24 275
24 20
28 119
82 426
82 35
82 225
82 284
82 355
87 398
87 225
87 138
87 182
129 21
235 139
278 146
279 202
225 426
225 369
225 94
225 173
225 370
358 164
358 26
164 12
164 26
164 109
164 300
183 45
197 207
10 151
10 344
10 361
151 144
151 166
344 144
344 224
344 276
344 318
344 390
144 374
166 423
224 180
224 91
224 365
37 89
37 258
276 78
276 390
318 91
318 174
390 86
11 17
11 36
11 68
11 185
17 16
17 185
17 215
36 15
68 12
185 136
185 215
16 359
215 359
215 110
15 12
15 13
15 84
15 169
15 175
12 41
12 112
12 169
12 234
12 248
12 359
41 109
112 110
112 175
112 359
169 248
234 52
234 103
234 109
234 250
248 109
13 14
109 300
109 52
110 149
300 14
103 219
103 241
103 411
250 168
92 155
92 214
92 371
56 275
275 121
275 133
275 162
368 49
368 284
398 397
426 284
121 301
121 370
133 119
133 208
162 182
162 264
162 267
49 284
284 138
284 146
397 256
19 65
20 270
21 202
202 424
424 50
424 329
424 341
424 345
424 392
424 412
22 247
22 414
247 203
414 342
414 343
414 377
414 401
203 53
203 156
203 400
203 429
343 106
343 46
343 47
343 123
343 193
343 268
343 367
343 384
23 356
23 382
356 44
356 331
382 107
44 33
44 108
44 134
331 69
331 425
331 42
331 310
331 60
331 154
331 312
107 257
27 205
27 407
205 127
205 217
205 313
205 407
407 195
127 93
217 330
313 48
195 213
195 320
195 336
80 340
282 341
282 141
294 154
89 135
89 180
89 315
30 69
30 314
30 425
69 196
314 42
314 325
314 425
425 61
425 73
425 196
425 387
196 75
196 296
42 48
42 305
42 310
325 79
61 387
73 85
73 208
387 137
387 299
31 245
245 165
245 219
245 328
83 85
209 60
229 310
229 74
229 254
310 177
310 303
310 312
324 336
353 50
353 93
353 154
354 142
354 392
155 214
244 316
244 372
219 378
32 33
33 75
33 108
33 238
75 223
108 238
134 145
134 231
223 357
106 362
106 415
362 47
362 101
415 86
415 352
415 396
258 232
258 233
258 315
135 259
180 91
180 315
315 91
315 132
315 179
315 251
315 252
315 253
315 380
315 384
315 416
233 384
39 96
96 116
96 271
116 40
116 113
116 375
40 369
369 146
305 60
305 74
305 188
305 307
305 311
60 130
60 154
60 240
74 154
74 307
74 394
74 419
188 394
307 147
307 389
311 330
177 147
177 266
303 99
312 70
312 231
154 64
154 130
154 392
43 304
43 417
304 393
417 293
393 72
293 259
231 160
46 86
46 114
46 163
46 295
46 350
86 78
86 163
86 286
163 285
163 295
163 297
350 193
47 170
47 193
47 395
123 91
193 170
193 184
193 187
193 252
193 367
193 384
193 396
268 91
384 91
384 380
384 416
170 184
395 272
395 273
396 101
272 273
50 64
329 171
341 90
341 139
341 370
345 51
345 143
345 420
345 422
392 257
51 143
420 53
420 57
422 53
429 66
429 347
57 191
57 257
57 260
57 321
54 338
338 152
338 340
338 418
152 126
418 283
191 317
260 171
260 269
260 339
321 249
321 376
317 265
269 115
269 141
249 124
376 410
58 306
58 309
306 308
309 147
309 220
308 389
220 403
220 379
59 333
333 222
333 402
222 100
402 254
130 100
130 254
130 280
130 323
240 79
254 81
254 118
79 403
137 383
299 178
299 206
63 178
63 296
63 357
178 296
296 150
66 373
373 347
72 140
140 364
364 157
208 409
208 419
409 118
76 148
76 159
76 230
76 348
148 157
230 265
348 261
348 289
261 161
289 161
81 99
173 386
91 174
91 365
251 253
174 365
241 378
104 190
190 301
190 327
327 192
105 149
117 319
319 210
423 406
122 226
226 374
125 213
266 237
266 346
158 326
158 408
408 218
408 267
408 302
267 264
302 349
264 349
168 176
346 186
192 216
192 413
199 243
283 410
