1 34
1 83
1 84
1 95
1 114
1 129
1 146
1 158
1 172
1 326
1 432
1 437
1 470
1 482
1 531
1 537
34 32
34 39
34 59
34 67
34 83
34 84
34 95
34 114
34 118
34 129
34 146
34 153
34 154
34 155
34 158
34 172
34 190
34 215
34 236
34 246
34 253
34 283
34 292
34 314
34 318
34 326
34 330
34 331
34 357
34 358
34 393
34 435
34 437
34 470
34 482
34 510
34 541
83 12
83 84
83 95
83 114
83 129
83 158
83 171
83 172
83 326
83 470
84 95
84 114
84 129
84 158
84 172
84 326
84 432
84 470
95 70
95 72
95 114
95 129
95 146
95 158
95 159
95 172
95 326
95 470
95 510
95 531
114 129
114 158
114 172
114 326
114 432
114 470
129 158
129 172
129 326
129 470
146 32
146 49
146 67
146 144
146 149
146 151
146 165
146 174
146 177
146 182
146 190
146 197
146 201
146 215
146 259
146 268
146 292
146 301
146 337
146 346
146 357
146 358
146 393
146 395
146 401
146 410
146 422
146 432
146 437
146 449
146 477
146 481
146 483
146 486
146 494
146 508
146 531
146 537
146 541
158 12
158 171
158 172
158 326
158 470
172 12
172 171
172 326
172 470
326 470
432 2
432 59
432 107
432 144
432 145
432 154
432 205
432 251
432 268
432 420
432 430
432 437
432 482
432 494
432 508
432 531
432 533
437 28
437 35
437 39
437 41
437 43
437 45
437 49
437 50
437 51
437 57
437 59
437 62
437 75
437 82
437 91
437 92
437 110
437 118
437 137
437 144
437 148
437 149
437 152
437 153
437 154
437 155
437 157
437 159
437 169
437 175
437 176
437 177
437 183
437 191
437 193
437 196
437 197
437 205
437 236
437 251
437 254
437 259
437 264
437 269
437 272
437 277
437 278
437 289
437 305
437 311
437 330
437 334
437 336
437 337
437 339
437 342
437 343
437 347
437 350
437 354
437 357
437 361
437 368
437 369
437 375
437 381
437 383
437 386
437 391
437 401
437 404
437 410
437 429
437 441
437 461
437 465
437 474
437 476
437 477
437 478
437 482
437 485
437 486
437 487
437 494
437 508
437 509
437 510
437 514
437 517
437 526
437 527
437 531
437 537
437 538
482 59
482 111
482 127
482 211
482 236
482 251
482 256
482 268
482 465
482 494
531 13
531 17
531 28
531 43
531 62
531 87
531 110
531 118
531 120
531 141
531 144
531 155
531 159
531 182
531 183
531 196
531 200
531 202
531 204
531 205
531 236
531 249
531 269
531 277
531 305
531 313
531 320
531 342
531 350
531 357
531 368
531 369
531 375
531 376
531 385
531 386
531 390
531 401
531 419
531 463
531 476
531 477
531 481
531 483
531 494
531 506
531 508
531 510
531 523
531 527
531 537
537 30
537 81
537 109
537 141
537 144
537 155
537 159
537 165
537 167
537 196
537 211
537 215
537 236
537 251
537 259
537 277
537 289
537 331
537 343
537 346
537 350
537 356
537 385
537 386
537 395
537 401
537 449
537 465
537 477
537 481
537 483
537 500
537 508
537 510
537 523
2 62
2 145
2 205
2 236
2 251
2 268
2 379
2 430
2 434
62 110
62 148
62 183
62 236
62 255
62 269
62 277
62 305
62 342
62 369
62 375
62 476
62 527
145 59
145 153
145 205
145 251
145 430
145 508
205 59
205 128
205 144
205 153
205 155
205 218
205 251
205 268
205 299
205 333
205 346
205 373
205 405
205 407
205 428
205 430
205 446
205 485
205 494
205 499
236 5
236 6
236 15
236 17
236 43
236 53
236 58
236 59
236 86
236 91
236 97
236 98
236 101
236 103
236 104
236 112
236 118
236 127
236 131
236 132
236 144
236 155
236 159
236 190
236 196
236 211
236 223
236 247
236 251
236 256
236 259
236 265
236 268
236 277
236 283
236 307
236 345
236 352
236 354
236 359
236 367
236 368
236 370
236 383
236 384
236 385
236 386
236 400
236 401
236 406
236 409
236 411
236 433
236 442
236 444
236 453
236 455
236 456
236 460
236 464
236 477
236 492
236 494
236 508
236 510
236 511
236 524
236 536
236 539
236 542
251 12
251 59
251 110
251 123
251 128
251 144
251 148
251 155
251 196
251 197
251 202
251 211
251 259
251 268
251 277
251 278
251 289
251 320
251 353
251 357
251 430
251 465
251 494
251 508
251 512
251 519
251 520
268 24
268 43
268 59
268 60
268 64
268 144
268 153
268 163
268 180
268 211
268 238
268 273
268 354
268 379
268 409
268 413
268 428
268 430
268 467
268 468
268 494
268 510
268 520
379 59
379 105
379 121
379 153
379 211
379 225
379 281
379 409
379 494
379 520
430 17
430 59
430 104
430 178
430 204
430 302
430 508
430 519
3 483
483 17
483 48
483 52
483 76
483 144
483 159
483 196
483 198
483 201
483 254
483 277
483 327
483 350
483 356
483 386
483 424
483 440
483 481
483 510
483 523
4 396
4 442
396 442
442 9
442 190
442 196
5 86
5 277
5 287
5 510
86 510
277 25
277 43
277 50
277 54
277 59
277 85
277 110
277 112
277 118
277 138
277 141
277 144
277 148
277 155
277 159
277 183
277 196
277 197
277 206
277 211
277 213
277 217
277 239
277 242
277 244
277 269
277 270
277 287
277 288
277 289
277 305
277 319
277 334
277 342
277 350
277 356
277 368
277 369
277 375
277 385
277 386
277 400
277 401
277 461
277 465
277 476
277 477
277 479
277 481
277 493
277 494
277 508
277 510
277 523
277 527
277 529
277 532
510 25
510 27
510 43
510 55
510 56
510 104
510 110
510 118
510 120
510 130
510 141
510 144
510 150
510 159
510 184
510 196
510 197
510 211
510 214
510 220
510 226
510 262
510 274
510 284
510 295
510 320
510 329
510 334
510 350
510 356
510 364
510 368
510 385
510 386
510 417
510 418
510 475
510 477
510 481
510 494
510 508
510 515
510 523
510 542
6 43
6 159
43 18
43 128
43 144
43 148
43 155
43 159
43 211
43 320
43 334
43 386
43 409
43 477
43 494
43 496
43 508
43 542
159 33
159 42
159 90
159 104
159 112
159 126
159 141
159 144
159 155
159 196
159 210
159 216
159 223
159 237
159 289
159 294
159 296
159 300
159 320
159 334
159 335
159 339
159 341
159 349
159 356
159 361
159 366
159 371
159 382
159 384
159 385
159 386
159 389
159 400
159 401
159 421
159 425
159 452
159 477
159 481
159 494
159 534
7 254
254 17
254 48
254 52
254 76
254 198
254 201
254 327
254 334
254 386
8 59
8 392
59 12
59 31
59 37
59 60
59 110
59 130
59 139
59 148
59 153
59 155
59 163
59 168
59 180
59 196
59 211
59 241
59 273
59 278
59 302
59 307
59 310
59 312
59 350
59 354
59 387
59 388
59 392
59 409
59 413
59 426
59 447
59 458
59 467
59 468
59 488
59 494
59 503
59 507
59 508
59 520
59 523
392 241
10 110
10 302
10 308
10 312
10 407
110 144
110 148
110 183
110 197
110 221
110 259
110 269
110 290
110 305
110 342
110 350
110 369
110 375
110 476
110 508
110 527
302 148
302 308
302 312
302 407
308 170
308 312
308 407
312 65
312 96
312 170
312 178
312 333
312 387
312 407
312 408
312 454
407 333
11 48
11 74
11 76
11 81
11 212
11 338
11 401
11 500
48 17
48 52
48 74
48 76
48 81
48 135
48 198
48 201
48 212
48 303
48 327
48 332
48 338
48 500
48 516
74 76
74 81
74 212
74 338
74 500
76 17
76 52
76 81
76 99
76 198
76 201
76 212
76 228
76 327
76 338
76 399
76 500
81 212
81 338
81 500
212 338
212 401
212 481
212 500
338 500
401 13
401 17
401 25
401 30
401 33
401 45
401 46
401 89
401 104
401 141
401 144
401 165
401 177
401 193
401 209
401 211
401 215
401 239
401 259
401 289
401 321
401 346
401 350
401 356
401 360
401 366
401 394
401 395
401 419
401 451
401 463
401 477
401 481
401 500
401 506
401 508
500 215
500 357
12 60
12 171
12 211
60 44
60 64
60 71
60 115
60 125
60 163
60 278
60 309
60 477
60 520
171 496
211 45
211 153
211 273
211 278
211 310
211 321
211 350
211 354
211 356
211 384
211 386
211 395
211 409
211 449
211 468
211 481
211 490
211 494
211 508
13 506
13 508
506 508
508 41
508 63
508 85
508 117
508 144
508 148
508 155
508 165
508 196
508 197
508 198
508 202
508 215
508 259
508 346
508 357
508 386
508 391
508 395
508 474
508 476
508 481
508 520
508 533
14 196
196 23
196 36
196 40
196 49
196 87
196 91
196 104
196 106
196 112
196 116
196 119
196 127
196 148
196 160
196 187
196 189
196 190
196 201
196 219
196 223
196 256
196 267
196 269
196 271
196 286
196 298
196 324
196 328
196 354
196 362
196 368
196 384
196 385
196 386
196 400
196 409
196 423
196 443
196 448
196 459
196 466
196 469
196 477
196 481
196 484
196 521
196 522
196 540
15 153
15 235
15 345
15 385
15 450
15 472
15 492
15 539
153 118
153 397
153 416
153 472
153 494
345 91
345 385
345 492
345 539
385 94
385 112
385 266
385 384
385 400
385 477
385 492
385 539
450 66
450 472
472 66
492 261
492 398
492 539
16 414
414 454
17 52
17 144
17 198
17 201
17 327
17 481
17 494
52 198
52 201
52 327
144 26
144 113
144 118
144 120
144 121
144 126
144 141
144 156
144 179
144 195
144 202
144 224
144 234
144 250
144 275
144 293
144 300
144 317
144 322
144 339
144 356
144 364
144 386
144 403
144 404
144 445
144 477
144 480
144 481
144 494
144 515
144 528
198 201
198 327
201 247
201 327
201 368
201 477
201 515
481 33
481 45
481 80
481 93
481 104
481 136
481 141
481 142
481 155
481 165
481 182
481 215
481 259
481 289
481 321
481 346
481 350
481 356
481 366
481 373
481 386
481 391
481 395
481 477
481 523
494 19
494 24
494 72
494 142
494 155
494 202
494 203
494 291
494 297
494 330
494 357
494 364
494 372
494 409
494 436
494 477
494 520
19 178
19 203
19 340
19 372
19 436
19 513
178 38
178 162
178 380
203 372
203 436
372 436
20 477
477 25
477 56
477 68
477 71
477 141
477 161
477 220
477 223
477 243
477 247
477 284
477 316
477 363
477 364
477 384
477 386
477 418
477 439
477 471
477 490
477 515
477 525
21 350
350 22
350 25
350 45
350 124
350 148
350 185
350 194
350 199
350 213
350 222
350 229
350 230
350 233
350 239
350 240
350 246
350 258
350 276
350 321
350 334
350 336
350 356
350 395
350 415
350 523
25 30
25 56
25 220
25 239
25 284
25 418
30 215
30 239
56 220
56 284
56 418
220 284
220 418
239 197
284 418
26 403
27 231
231 278
231 417
29 364
364 156
364 515
215 32
215 67
215 165
215 259
215 292
215 346
215 357
215 358
215 393
215 395
215 541
31 503
503 164
503 266
503 278
503 447
32 67
32 292
32 357
32 358
32 393
32 541
67 292
67 357
67 358
67 393
67 541
292 348
292 357
292 358
292 393
292 541
357 259
357 358
357 393
357 395
357 541
358 393
358 541
393 541
33 104
33 141
33 289
33 356
33 366
104 141
104 289
104 356
104 366
104 368
104 400
141 165
141 289
141 346
141 356
141 366
141 373
141 386
141 395
141 518
289 47
289 70
289 155
289 197
289 313
289 344
289 351
289 356
289 366
289 427
289 465
356 45
356 108
356 321
356 366
356 386
356 395
366 165
366 346
366 373
366 395
366 431
39 118
39 154
39 155
39 330
39 331
118 154
118 155
118 330
118 368
154 155
154 157
154 330
154 383
155 128
155 148
155 330
155 334
155 386
155 465
155 485
190 202
190 253
246 473
253 283
253 318
314 435
330 72
330 92
330 291
37 227
37 458
37 495
227 458
227 495
458 495
458 520
38 162
41 197
41 259
41 391
197 49
197 73
197 85
197 148
197 149
197 177
197 257
197 259
197 280
197 321
197 337
197 391
197 410
197 486
259 100
259 148
259 165
259 346
259 391
259 395
259 449
259 451
391 85
391 108
391 252
391 285
391 321
148 79
148 192
148 273
148 279
148 282
148 334
320 361
334 54
334 213
334 263
334 386
334 412
334 509
386 54
386 91
386 147
386 498
409 105
409 225
409 281
409 384
409 505
409 507
409 514
409 520
409 523
496 170
496 467
496 520
45 100
45 186
45 321
45 395
45 497
45 535
100 186
100 321
100 535
186 321
186 535
321 315
321 395
321 402
321 535
395 165
395 346
395 373
47 351
49 149
49 177
49 337
49 410
49 486
149 177
149 337
149 410
149 486
177 337
177 410
177 486
337 410
337 486
410 486
53 58
57 272
139 168
163 64
180 520
273 107
273 248
273 279
278 64
278 164
278 266
278 310
278 417
278 447
278 468
307 447
310 468
354 91
354 127
354 374
354 384
354 447
354 460
354 520
387 65
388 488
426 507
447 164
467 238
467 468
468 238
507 188
520 188
520 384
520 428
64 125
309 378
61 375
375 183
375 269
375 305
375 342
375 369
375 476
375 527
183 269
183 305
183 342
183 369
183 476
183 527
255 133
255 323
269 305
269 325
269 342
269 369
269 476
269 527
305 342
305 369
305 476
305 527
342 369
342 476
342 527
369 476
369 527
476 474
476 527
527 207
68 502
502 446
69 408
70 72
72 291
75 311
77 266
77 501
266 94
501 102
78 156
156 355
156 365
156 377
156 491
88 461
91 460
91 474
97 456
98 131
98 352
98 411
98 464
98 524
98 536
131 352
131 411
131 464
131 524
131 536
352 411
352 464
352 524
352 536
411 464
411 524
411 536
464 524
464 536
524 536
103 453
368 400
400 112
108 252
108 457
457 336
457 489
457 530
111 127
111 256
111 465
127 256
127 374
127 465
256 122
256 465
113 480
120 179
120 245
179 245
121 224
121 304
224 304
123 512
126 300
133 323
134 261
134 384
261 384
261 398
384 223
384 298
384 514
140 449
140 533
449 533
165 346
165 373
346 373
346 405
373 405
143 490
234 322
317 528
182 419
301 438
192 166
150 208
208 416
377 173
377 232
377 491
491 173
491 232
161 243
164 380
380 504
173 232
181 298
419 463
299 499
214 295
226 260
359 433
370 462
451 360
263 412
263 509
412 509
306 363
336 489
336 530
489 530
