118 201
118 258
118 182
118 152
118 162
118 47
118 144
118 263
118 301
118 221
118 321
118 203
118 65
118 306
118 297
118 253
118 183
118 307
118 169
118 216
118 212
118 274
118 92
118 68
118 91
118 125
118 189
118 305
118 202
118 222
118 80
118 273
118 250
118 126
118 204
118 127
118 186
118 148
118 129
118 76
118 78
118 163
118 70
118 114
118 77
118 261
118 255
118 248
118 150
118 166
118 311
118 146
118 109
118 147
118 112
118 313
118 67
118 219
118 299
118 293
118 230
118 179
118 174
118 177
118 176
118 310
118 232
118 131
118 296
118 217
118 172
118 292
118 167
118 197
118 246
118 233
118 119
118 94
118 288
118 161
118 159
118 95
118 276
118 8
118 225
118 284
118 101
118 256
118 133
118 218
118 45
118 128
118 99
118 260
118 83
118 157
118 181
118 198
118 143
118 249
118 90
118 240
118 229
118 149
118 72
118 120
118 192
118 96
118 136
118 139
118 137
118 130
118 71
118 100
118 111
118 140
118 82
118 84
118 191
118 173
118 51
118 158
118 73
118 93
118 81
118 69
118 106
118 79
118 154
118 102
118 88
118 153
118 164
118 134
118 57
118 107
118 155
118 145
118 168
201 261
201 255
201 248
201 182
201 144
201 203
201 197
201 253
201 183
201 178
201 185
201 236
201 150
201 166
201 311
201 109
201 147
201 258
201 112
201 313
201 67
201 219
201 299
201 152
201 293
201 162
201 47
201 230
201 263
201 174
201 177
201 176
201 232
201 131
201 217
201 172
201 292
201 65
201 167
201 246
201 233
201 316
201 94
201 245
201 276
201 8
201 169
201 318
201 45
201 251
201 83
201 213
201 250
201 242
201 75
201 214
201 108
201 224
201 228
201 74
201 138
201 151
201 193
201 199
201 165
201 205
201 124
258 261
258 255
258 248
258 150
258 166
258 109
258 147
258 182
258 152
258 47
258 144
258 263
258 203
258 297
258 253
258 183
258 169
258 216
258 274
258 250
258 264
258 112
258 313
258 67
258 219
258 299
258 293
258 162
258 230
258 174
258 177
258 176
258 232
258 131
258 296
258 217
258 172
258 65
258 167
258 197
258 246
258 233
258 94
258 288
258 159
258 245
258 276
258 225
258 133
258 128
258 251
258 181
258 198
258 120
258 130
258 208
258 231
258 168
182 261
182 255
182 248
182 150
182 166
182 311
182 146
182 109
182 147
182 112
182 313
182 301
182 216
182 274
182 92
182 222
182 106
182 160
182 196
182 67
182 219
182 299
182 152
182 293
182 162
182 47
182 230
182 179
182 144
182 263
182 174
182 177
182 221
182 176
182 310
182 232
182 131
182 321
182 296
182 123
182 217
182 172
182 292
182 203
182 167
182 306
182 297
182 246
182 233
182 119
182 253
182 94
182 161
182 159
182 307
182 225
182 284
182 212
182 256
182 189
182 133
182 305
182 239
182 128
182 181
182 198
182 90
182 250
182 120
182 192
182 126
182 105
182 130
182 140
182 82
182 191
182 206
182 148
182 158
182 220
182 163
182 226
182 154
182 102
182 164
182 180
182 211
182 209
182 145
182 195
182 207
152 261
152 255
152 248
152 150
152 166
152 311
152 146
152 109
152 147
152 112
152 67
152 219
152 299
152 47
152 263
152 301
152 221
152 297
152 183
152 307
152 92
152 91
152 125
152 189
152 305
152 202
152 222
152 80
152 126
152 127
152 215
152 129
152 156
152 293
152 162
152 230
152 179
152 174
152 177
152 176
152 310
152 232
152 131
152 123
152 217
152 172
152 292
152 167
152 306
152 233
152 119
152 94
152 288
152 161
152 159
152 95
152 284
152 212
152 101
152 256
152 133
152 218
152 128
152 99
152 157
152 198
152 143
152 90
152 149
152 72
152 192
152 96
152 170
152 136
152 137
152 100
152 252
152 111
152 132
152 186
152 191
152 158
152 113
152 117
152 93
152 110
152 210
152 115
152 103
152 187
162 261
162 255
162 248
162 150
162 166
162 311
162 109
162 112
162 67
162 219
162 299
162 293
162 147
162 144
162 301
162 221
162 321
162 307
162 92
162 91
162 125
162 305
162 202
162 80
162 273
162 230
162 179
162 174
162 177
162 176
162 310
162 232
162 131
162 217
162 172
162 292
162 167
162 306
162 119
162 94
162 288
162 161
162 159
162 95
162 284
162 212
162 101
162 218
162 237
162 143
162 249
162 72
162 96
162 139
162 252
162 243
162 110
47 261
47 255
47 248
47 150
47 166
47 311
47 109
47 147
47 112
47 313
47 67
47 219
47 293
47 144
47 203
47 253
47 183
47 56
47 74
47 86
47 230
47 263
47 177
47 176
47 232
47 131
47 123
47 172
47 65
47 197
47 246
47 316
47 94
47 245
47 8
47 169
47 45
47 83
47 26
47 4
47 75
47 59
47 33
47 39
47 142
47 42
47 29
47 58
47 54
47 48
47 60
47 49
144 261
144 255
144 248
144 150
144 166
144 109
144 112
144 67
144 219
144 299
144 293
144 253
144 183
144 216
144 274
144 86
144 104
144 263
144 177
144 176
144 172
144 292
144 203
144 65
144 197
144 297
144 246
144 233
144 245
144 8
144 225
144 169
144 133
144 45
144 83
144 181
144 213
144 250
144 62
144 82
144 76
144 59
144 81
144 50
144 53
144 63
144 85
144 46
144 142
144 98
144 40
144 55
144 168
263 261
263 255
263 248
263 150
263 166
263 311
263 112
263 313
263 67
263 219
263 293
263 230
263 203
263 253
263 183
263 250
263 177
263 176
263 217
263 172
263 65
263 197
263 246
263 233
263 94
263 245
263 276
263 169
263 213
301 261
301 255
301 248
301 150
301 166
301 311
301 146
301 109
301 147
301 112
301 67
301 219
301 299
301 293
301 230
301 179
301 174
301 177
301 221
301 176
301 310
301 232
301 131
301 321
301 123
301 217
301 292
301 167
301 306
301 119
301 94
301 161
301 159
301 307
301 305
301 287
301 286
301 300
221 261
221 255
221 150
221 311
221 146
221 109
221 147
221 112
221 299
221 230
221 179
221 174
221 321
221 307
221 92
221 91
221 305
221 202
221 322
221 273
221 129
221 176
221 310
221 131
221 217
221 306
221 119
221 95
221 284
221 212
221 125
221 101
221 218
221 260
221 157
221 237
221 143
221 249
221 298
221 149
221 300
221 325
221 252
221 243
221 194
321 261
321 255
321 150
321 311
321 109
321 147
321 299
321 230
321 174
321 177
321 322
321 325
321 217
321 119
321 323
321 324
203 261
203 248
203 166
203 311
203 109
203 112
203 67
203 219
203 293
203 253
203 183
203 251
203 65
203 246
203 288
203 245
203 169
203 250
203 153
65 261
65 255
65 248
65 166
65 112
65 67
65 219
65 293
65 176
65 253
65 183
65 169
65 59
65 56
65 74
65 54
65 66
65 197
65 246
65 245
65 8
65 45
65 83
65 75
65 108
65 39
65 142
65 151
65 58
65 48
65 116
65 60
65 87
65 64
306 261
306 255
306 150
306 311
306 146
306 109
306 147
306 112
306 299
306 293
306 230
306 179
306 174
306 176
306 310
306 131
306 217
306 307
306 119
306 284
306 143
297 261
297 255
297 166
297 219
297 293
297 230
297 232
297 296
297 217
297 292
297 262
297 288
297 276
297 308
253 261
253 255
253 248
253 166
253 112
253 67
253 219
253 293
253 197
253 246
253 245
253 183
253 213
183 261
183 248
183 166
183 67
183 219
183 293
183 197
183 246
183 245
183 169
183 213
183 224
183 138
307 261
307 255
307 146
307 109
307 147
307 112
307 67
307 299
307 293
307 230
307 179
307 174
307 176
307 310
307 232
307 131
307 123
307 217
307 167
307 311
307 305
307 300
169 261
169 248
169 166
169 219
169 197
169 246
169 213
216 261
216 255
216 166
216 293
216 232
216 296
216 172
216 262
216 225
216 142
216 239
216 198
212 261
212 255
212 150
212 146
212 109
212 147
212 112
212 230
212 174
212 177
212 176
212 217
212 131
212 202
274 261
274 248
274 166
274 67
274 219
274 293
274 233
274 229
274 250
92 255
92 150
92 146
92 109
92 147
92 112
92 299
92 230
92 179
92 174
92 176
92 119
92 95
92 91
92 143
68 109
68 147
68 125
68 80
68 96
91 255
91 150
91 146
91 109
91 147
91 112
91 230
91 179
91 174
91 177
91 176
91 119
91 95
125 255
125 147
125 112
125 299
125 230
125 179
125 174
125 177
125 131
125 170
189 261
189 255
189 146
189 112
189 67
189 230
189 179
189 176
189 232
189 131
189 217
189 167
189 161
189 256
189 192
305 255
305 147
305 112
305 299
305 293
305 230
305 174
305 176
305 131
305 261
305 311
305 146
202 261
202 255
202 150
202 146
202 109
202 147
202 112
202 230
202 174
202 177
202 176
202 217
202 204
202 190
222 261
222 255
222 230
222 176
222 232
222 217
222 192
80 146
80 109
80 147
80 177
80 176
80 101
273 261
273 255
273 109
273 147
273 299
273 230
273 174
273 177
273 123
273 284
273 260
273 322
273 325
273 259
250 261
250 248
250 166
250 219
250 197
250 246
126 112
126 176
126 217
126 161
126 137
204 230
204 174
204 177
204 218
204 192
127 255
127 137
186 230
186 192
148 166
148 130
148 158
148 145
129 255
129 101
76 67
76 82
76 142
76 98
78 67
78 79
163 123
163 122
70 112
70 57
77 94
77 71
77 73
261 248
261 150
261 311
261 146
261 147
261 112
261 313
261 67
261 219
261 299
261 293
261 177
261 310
261 232
261 296
261 123
261 172
261 292
261 167
261 197
261 246
261 94
261 276
261 225
261 284
261 133
261 239
261 218
261 128
261 251
261 254
261 275
261 198
261 308
261 240
261 213
261 286
261 271
261 281
261 267
261 242
261 309
261 206
261 81
261 220
261 290
261 266
261 226
261 270
261 142
261 241
261 278
261 279
261 291
261 247
261 304
261 184
261 280
261 153
261 257
261 269
261 168
261 255
261 166
261 109
261 230
261 179
261 174
261 176
261 131
261 217
261 233
261 119
261 288
261 161
261 159
261 245
261 256
261 181
261 303
261 229
261 283
261 173
261 224
261 85
261 294
261 282
261 268
261 277
248 255
248 311
248 67
248 299
248 232
248 172
248 292
248 197
248 316
248 94
248 245
248 242
248 214
248 331
248 244
248 168
248 150
248 166
248 109
248 147
248 112
248 313
248 219
248 293
248 230
248 174
248 177
248 176
248 131
248 217
248 167
248 233
248 161
248 159
248 276
248 8
248 318
248 83
248 213
248 173
248 153
150 255
150 311
150 146
150 67
150 219
150 299
150 292
150 322
150 324
150 166
150 109
150 147
150 112
150 230
150 179
150 174
150 177
150 176
150 310
150 131
150 296
150 167
150 119
150 159
150 95
150 325
150 320
311 255
311 166
311 67
311 292
311 94
311 322
311 287
311 324
311 146
311 109
311 147
311 112
311 299
311 293
311 230
311 179
311 174
311 177
311 176
311 310
311 232
311 131
311 296
311 217
311 167
311 119
311 284
311 143
311 325
311 320
146 255
146 166
146 67
146 299
146 232
146 123
146 172
146 292
146 119
146 94
146 168
146 109
146 147
146 112
146 293
146 230
146 179
146 174
146 177
146 176
146 310
146 131
146 217
146 167
146 161
146 159
146 95
146 284
146 101
146 218
146 260
146 237
146 72
147 255
147 166
147 109
147 67
147 219
147 299
147 293
147 177
147 310
147 232
147 123
147 172
147 292
147 167
147 94
147 284
147 218
147 99
147 322
147 143
147 96
147 300
147 153
147 324
147 112
147 230
147 179
147 174
147 176
147 131
147 217
147 119
147 161
147 159
147 95
147 260
147 249
147 298
147 72
147 325
147 320
112 255
112 166
112 109
112 67
112 219
112 299
112 293
112 177
112 310
112 232
112 296
112 123
112 172
112 292
112 167
112 94
112 99
112 157
112 90
112 136
112 137
112 71
112 100
112 84
112 230
112 179
112 174
112 176
112 131
112 217
112 119
112 161
112 159
112 95
112 8
112 101
112 149
112 170
112 111
313 255
313 166
313 67
313 219
313 246
313 316
313 312
313 329
313 318
313 319
313 314
313 331
313 317
313 326
313 315
313 8
67 255
67 166
67 109
67 292
67 197
67 246
67 133
67 43
67 219
67 299
67 293
67 230
67 179
67 174
67 177
67 176
67 310
67 232
67 131
67 296
67 123
67 217
67 172
67 167
67 233
67 119
67 94
67 161
67 159
67 95
67 8
67 45
67 128
67 99
67 90
67 120
67 136
67 71
67 62
67 111
67 82
67 51
67 50
67 53
67 63
67 52
67 46
67 79
67 44
67 41
67 153
219 255
219 166
219 109
219 299
219 232
219 123
219 172
219 197
219 246
219 94
219 133
219 293
219 230
219 174
219 176
219 131
219 217
219 167
219 233
219 159
219 245
219 276
219 181
219 198
299 255
299 166
299 109
299 232
299 123
299 292
299 94
299 322
299 287
299 286
299 293
299 230
299 179
299 174
299 177
299 176
299 310
299 131
299 217
299 172
299 167
299 119
299 161
299 159
299 95
299 284
299 256
299 218
299 143
299 298
299 325
293 255
293 166
293 109
293 296
293 172
293 292
293 167
293 246
293 225
293 284
293 133
293 286
293 281
293 309
293 290
293 142
293 230
293 179
293 174
293 177
293 310
293 131
293 217
293 262
293 233
293 288
293 159
293 276
293 308
293 303
293 283
293 184
293 153
177 255
177 166
177 109
177 230
177 179
177 174
177 292
177 157
177 96
177 141
177 310
177 131
177 119
177 95
177 218
177 260
177 240
177 72
177 139
177 190
310 255
310 109
310 230
310 179
310 174
310 176
310 232
310 123
310 292
310 167
310 94
310 143
310 302
310 131
310 217
310 119
232 255
232 166
232 109
232 230
232 179
232 176
232 292
232 94
232 225
232 133
232 285
232 296
232 217
232 172
232 167
232 288
232 256
232 239
232 198
232 240
232 283
296 255
296 166
296 176
296 123
296 292
296 225
296 275
296 308
296 217
296 262
296 233
296 288
296 276
296 256
296 303
123 255
123 166
123 179
123 131
123 302
123 217
123 172
123 167
123 159
123 105
172 255
172 166
172 230
172 179
172 174
172 176
172 131
172 217
172 94
172 225
172 133
172 142
172 167
172 198
292 255
292 166
292 230
292 179
292 174
292 176
292 131
292 217
292 262
292 167
292 256
167 255
167 166
167 109
167 230
167 179
167 174
167 176
167 131
167 217
167 302
167 161
167 159
167 99
167 105
167 139
167 191
197 166
197 246
197 245
197 251
197 213
246 255
246 166
246 245
246 213
94 255
94 166
94 109
94 230
94 179
94 176
94 131
94 217
94 90
94 159
94 99
94 73
276 255
276 166
276 262
276 233
276 288
276 254
276 275
225 255
225 166
225 262
225 142
284 255
284 230
284 174
284 176
284 217
284 286
284 300
284 260
284 298
133 255
133 166
133 140
133 128
239 255
239 230
239 176
239 217
239 262
239 206
218 255
218 230
218 179
218 174
218 176
218 217
218 249
218 235
128 166
128 142
251 166
251 242
254 262
254 233
254 288
254 229
275 262
275 233
275 288
198 166
198 206
198 142
308 288
240 255
240 230
240 217
240 256
213 166
213 245
213 199
213 205
213 200
286 255
286 230
286 217
286 281
286 266
271 255
271 176
271 217
271 256
271 283
271 281
271 267
271 266
281 255
281 230
281 217
281 283
281 266
281 267
267 255
267 256
267 283
267 266
242 166
242 245
242 224
206 166
206 209
81 166
81 85
220 226
266 255
266 272
270 269
142 166
142 233
142 229
142 39
142 45
142 121
184 255
184 166
153 166
153 131
168 166
255 166
255 109
255 230
255 179
255 174
255 176
255 131
255 217
255 119
255 288
255 161
255 159
255 95
255 256
255 260
255 157
255 237
255 322
255 249
255 298
255 287
255 283
255 192
255 300
255 137
255 234
255 223
255 132
255 295
255 215
255 272
255 265
255 289
255 233
255 101
255 149
255 259
166 45
166 90
166 130
166 75
166 140
166 82
166 51
166 175
166 50
166 106
166 41
166 109
166 230
166 174
166 176
166 131
166 217
166 233
166 288
166 159
166 245
166 83
166 181
166 120
166 62
166 173
166 53
166 63
109 230
109 179
109 174
109 176
109 131
109 161
109 159
109 95
109 217
109 119
109 170
230 179
230 176
230 161
230 159
230 157
230 237
230 143
230 298
230 287
230 300
230 252
230 295
230 215
230 272
230 235
230 243
230 238
230 227
230 174
230 131
230 217
230 119
230 288
230 95
230 101
230 256
230 260
230 249
230 149
230 139
230 234
230 223
230 132
230 259
230 190
179 176
179 131
179 217
179 119
179 161
179 159
179 95
179 101
179 260
174 176
174 131
174 161
174 159
174 143
174 89
174 217
174 119
174 95
174 101
174 132
174 113
176 99
176 192
176 137
176 131
176 217
176 233
176 119
176 159
176 95
176 101
176 256
131 217
131 119
131 95
131 170
217 159
217 283
217 192
217 119
217 256
119 95
288 262
161 99
161 137
161 100
161 191
161 93
161 159
161 139
161 111
161 158
95 101
256 272
260 249
157 141
157 149
322 325
249 259
298 300
283 272
137 139
137 100
316 314
316 312
316 318
316 319
316 317
316 315
236 228
324 320
45 50
45 46
45 55
45 58
45 54
45 83
45 62
45 59
45 63
45 40
45 61
90 73
90 71
130 120
130 82
130 145
130 160
75 108
75 74
75 151
75 116
75 87
140 82
140 106
82 51
82 53
82 106
50 62
50 63
50 46
50 40
50 55
50 61
106 120
41 53
143 170
96 72
136 134
71 57
71 111
71 73
71 69
100 111
100 93
312 318
329 327
329 330
329 328
318 319
314 317
317 315
56 59
56 58
56 60
56 49
74 116
86 83
104 83
104 97
59 83
59 54
59 58
59 60
59 64
54 83
54 58
54 60
66 151
66 116
66 87
262 233
262 229
233 229
8 26
8 4
8 13
8 23
8 3
8 2
8 5
8 36
8 16
8 6
8 35
8 28
8 30
8 27
8 24
8 1
8 7
8 38
8 37
8 34
26 33
26 29
26 31
26 22
26 4
26 25
4 2
4 1
13 6
13 7
13 21
13 18
13 17
13 12
13 20
13 19
13 10
13 9
13 14
13 15
13 11
23 24
3 5
2 1
36 38
36 35
16 22
6 7
35 28
30 34
327 332
327 330
327 328
46 62
46 63
46 55
46 40
55 62
55 63
55 40
55 61
58 83
58 60
83 85
83 97
85 97
181 188
73 69
120 102
139 135
33 29
33 32
29 31
31 32
108 116
151 116
57 69
62 63
62 40
62 61
63 61
40 61
158 171
171 154
171 155
115 103
17 19
17 20
12 10
12 9
20 19
10 9
10 11
9 11
138 124
154 164
102 107
48 49
49 60
60 64
195 207
38 37
