1 16
1 46
1 267
16 12
16 15
16 17
16 19
16 57
46 253
267 407
2 4
4 8
4 120
4 158
4 429
4 432
3 52
3 186
52 397
186 31
120 429
158 100
429 103
429 217
429 301
429 431
432 277
5 115
115 114
115 354
6 150
6 433
150 98
150 149
150 397
7 18
7 165
7 367
7 426
367 221
367 366
367 376
367 426
9 422
422 97
422 240
422 269
422 421
10 205
10 277
205 48
205 204
205 208
205 283
205 357
205 369
277 217
11 412
11 436
412 411
412 437
436 65
436 222
436 230
436 435
12 13
12 14
17 20
17 21
17 281
17 334
57 84
281 39
281 280
334 107
22 23
22 140
23 140
23 155
23 197
140 135
155 151
155 152
155 241
197 465
24 25
25 157
25 170
157 156
170 325
26 99
26 425
99 224
27 28
28 85
28 173
85 88
85 116
85 275
85 454
173 84
173 202
29 307
29 316
307 434
316 428
30 31
31 182
32 376
32 444
444 213
33 34
33 239
239 322
35 222
222 240
36 325
36 419
325 324
419 294
37 147
37 262
147 80
147 139
262 443
38 39
38 398
39 40
398 223
40 417
417 164
417 381
417 414
41 47
41 328
41 413
47 153
47 285
328 42
328 327
42 172
172 171
43 175
175 174
44 102
44 286
102 101
102 178
102 233
102 286
286 217
286 289
286 290
45 174
45 203
45 264
45 285
174 285
203 153
203 297
264 77
264 122
264 265
285 114
285 284
285 289
285 290
253 256
153 151
153 152
48 271
48 283
48 306
271 53
271 220
271 272
271 310
271 377
306 103
306 301
306 310
49 50
49 114
49 455
50 238
50 331
50 442
455 446
455 447
455 454
238 294
331 330
442 400
442 441
51 82
51 409
82 287
409 309
53 310
310 301
310 317
310 318
310 319
310 391
54 162
54 406
162 355
406 405
55 269
55 363
269 268
363 252
56 124
56 224
124 118
224 377
224 454
58 59
58 60
59 347
59 377
347 346
377 225
377 395
61 332
61 418
332 335
418 410
62 438
438 128
438 365
63 64
63 89
63 190
63 394
89 326
190 189
190 401
394 276
394 338
65 66
65 428
67 69
67 70
67 71
70 68
70 71
70 72
70 142
70 311
70 320
71 74
71 75
71 76
71 91
71 353
68 72
68 73
68 214
72 212
72 213
72 440
72 464
214 79
142 133
142 136
142 137
142 143
142 473
142 478
142 487
311 317
311 318
311 319
311 320
320 321
91 90
91 93
91 94
91 95
91 371
353 345
353 346
353 403
212 188
440 215
464 176
464 221
77 78
77 187
78 123
78 265
187 122
123 112
123 121
123 122
123 179
123 265
79 80
79 421
80 252
80 355
80 393
80 437
421 435
393 439
437 434
81 396
81 457
396 329
396 457
396 465
457 211
457 456
457 459
457 460
457 461
457 462
457 463
287 284
83 387
83 423
387 92
423 166
423 341
88 86
88 87
116 117
275 345
275 375
275 407
87 236
236 301
236 399
326 97
90 386
386 231
95 92
95 96
371 368
98 156
100 220
100 391
220 449
178 340
233 181
233 232
104 105
104 191
104 257
104 263
191 108
191 192
191 195
191 196
191 374
191 380
191 416
257 266
257 336
257 402
257 427
263 113
263 336
263 378
106 255
255 256
255 385
107 246
246 163
108 380
380 379
380 384
109 112
112 110
112 111
112 179
112 298
298 296
113 337
113 378
113 416
337 343
416 343
416 414
354 420
117 119
119 346
118 346
346 349
346 351
346 375
122 297
297 296
297 456
125 126
126 385
385 356
127 129
127 226
226 177
226 225
128 225
225 282
130 141
141 131
141 132
141 136
141 137
134 143
143 242
136 144
137 145
138 199
138 340
199 364
340 323
473 231
473 469
473 474
473 475
473 476
473 477
478 468
478 469
242 258
242 431
242 480
146 183
146 245
146 339
183 159
183 184
183 185
183 248
245 300
339 342
148 434
148 443
434 335
149 217
217 216
151 154
154 152
241 329
159 160
159 248
159 388
159 392
160 369
160 399
248 249
388 389
392 333
392 373
392 404
369 368
369 372
369 373
399 357
161 410
163 167
167 164
164 231
164 470
470 471
166 341
168 169
169 344
169 400
202 247
180 181
188 198
198 201
401 321
192 193
192 194
374 408
465 211
200 280
247 333
204 206
204 207
207 278
208 209
357 358
357 359
357 361
278 279
278 431
278 479
210 211
215 390
390 439
216 218
216 219
219 235
235 232
449 445
449 451
449 452
449 453
223 345
223 407
345 348
345 350
345 352
227 228
228 420
420 424
229 230
230 315
315 276
232 234
301 302
301 304
301 323
237 300
237 308
300 372
308 373
294 293
322 323
258 259
258 260
258 261
258 431
258 466
431 430
480 466
480 481
480 483
243 244
243 309
249 250
249 251
256 254
402 403
427 408
466 467
270 372
270 404
272 273
272 274
284 288
289 291
290 292
295 447
447 445
296 299
456 458
302 303
302 493
304 305
304 494
323 435
493 488
494 488
317 312
318 313
319 314
352 395
358 360
358 362
368 370
379 381
379 383
381 430
384 382
414 415
445 446
446 450
450 448
467 481
481 482
481 483
481 486
468 472
472 471
483 484
483 485
482 486
488 490
490 489
490 492
489 491
