2 1
2 28
2 29
2 30
2 53
2 54
2 55
2 56
2 85
2 109
2 342
1 3
1 4
1 5
1 6
1 7
1 8
1 9
1 10
1 11
1 12
1 13
1 14
1 15
1 16
1 17
1 18
1 19
1 20
1 21
1 22
1 23
1 24
1 25
1 26
1 27
1 29
1 30
1 41
1 44
1 45
1 47
1 51
1 61
1 62
1 63
1 64
1 65
1 66
1 67
1 68
1 69
1 70
1 71
1 72
1 73
1 75
1 76
1 77
1 78
1 79
1 80
1 81
1 83
1 84
1 87
1 88
1 89
1 90
1 91
1 96
1 103
1 104
1 115
1 116
1 117
1 118
1 119
1 120
1 129
1 136
1 141
1 168
1 185
1 186
1 187
1 189
1 190
1 191
1 192
1 193
1 195
1 196
1 197
1 198
1 199
1 200
1 201
1 202
1 203
1 204
1 206
1 207
1 208
1 209
1 210
1 211
1 212
1 213
1 218
1 219
1 220
1 222
1 223
1 224
1 226
1 228
1 229
1 230
1 231
1 232
1 233
1 234
1 235
1 236
1 237
1 238
1 239
1 240
1 241
1 243
1 244
1 245
1 247
1 248
1 250
1 251
1 252
1 253
1 254
1 255
1 256
1 257
1 258
1 260
1 283
1 284
1 287
1 288
1 289
1 290
1 292
1 304
1 305
1 311
1 313
1 314
1 336
1 339
1 344
1 345
1 346
1 352
1 354
1 360
1 361
1 362
1 371
1 377
1 383
1 398
1 407
1 411
1 414
1 419
1 420
1 425
1 430
1 431
1 437
1 438
1 446
1 448
1 450
1 451
1 453
1 454
1 455
1 457
1 459
1 460
1 461
1 462
1 464
1 466
1 468
1 469
1 470
1 475
1 476
1 477
1 479
1 482
1 483
1 486
1 489
1 491
1 492
1 495
1 498
3 31
3 32
3 33
3 34
3 35
3 36
3 37
3 38
3 39
3 40
3 41
3 53
3 54
3 55
3 56
3 61
3 76
3 85
3 106
3 109
3 129
3 212
3 222
3 287
3 290
3 291
3 304
3 305
3 342
3 404
3 415
4 22
4 42
4 43
4 44
4 45
4 53
4 54
4 55
4 56
4 85
4 109
4 342
5 46
5 53
5 54
5 55
5 56
5 61
5 85
5 109
5 342
6 53
6 54
6 55
6 56
6 85
6 109
6 179
6 342
6 378
6 381
6 384
7 47
7 48
7 49
7 50
7 51
7 52
7 53
7 54
7 55
7 56
7 57
7 58
7 59
7 85
7 101
7 109
7 223
7 342
7 382
8 12
8 23
8 60
8 61
8 62
8 63
8 64
8 65
8 66
8 53
8 344
8 352
8 407
8 457
9 67
9 68
9 69
9 70
9 71
9 72
9 73
9 74
9 75
9 76
9 77
9 78
9 79
9 80
9 81
9 82
9 83
9 84
9 85
9 86
9 87
9 88
9 89
9 90
9 91
9 92
9 383
10 93
10 94
10 95
10 96
10 97
10 98
10 99
10 100
10 101
10 102
10 103
10 104
10 105
10 106
10 107
10 108
10 109
10 348
10 379
10 421
10 441
10 465
10 478
10 484
11 110
11 111
11 112
11 113
11 114
11 286
11 392
12 115
12 116
12 117
12 118
12 119
12 120
12 54
12 64
12 420
13 121
13 126
13 129
13 130
13 363
13 380
13 382
13 463
13 500
14 122
14 291
15 52
15 85
15 123
15 124
15 125
15 126
15 127
15 128
15 129
15 130
15 131
15 132
15 133
15 134
15 135
15 136
15 137
15 138
15 139
15 140
15 141
15 142
15 143
15 144
15 145
15 146
15 147
15 148
15 149
15 150
15 151
15 152
15 153
15 154
15 155
15 156
15 157
15 158
15 159
15 160
15 161
15 162
15 163
15 164
15 165
15 166
15 167
15 168
15 121
15 363
15 382
15 434
16 169
16 170
16 171
16 172
16 173
16 174
16 175
16 176
16 177
16 178
16 179
16 180
17 85
17 181
17 182
17 183
17 184
17 129
17 130
17 363
17 439
17 443
17 467
17 471
17 488
17 490
17 499
18 42
18 185
18 186
18 187
18 188
18 189
18 190
18 191
18 192
18 193
18 194
18 195
18 196
18 197
18 198
18 199
18 200
18 201
18 202
18 203
18 204
18 205
18 206
18 207
18 208
18 209
18 210
18 211
18 212
18 213
18 214
18 215
18 216
18 217
18 218
18 219
18 220
18 221
18 222
18 223
18 224
18 225
18 226
18 227
18 228
18 354
18 361
18 408
18 477
18 483
18 492
18 498
19 229
19 230
19 231
19 232
19 233
19 234
19 235
19 236
19 237
19 238
19 239
19 240
19 241
19 242
19 243
19 244
19 245
19 246
19 247
19 248
19 55
19 284
20 26
20 27
20 42
20 249
20 250
20 251
20 252
20 253
20 254
20 255
20 256
20 257
20 258
20 259
21 26
21 27
21 249
21 258
21 259
21 260
22 26
22 27
22 42
22 249
22 250
22 251
22 252
22 253
22 254
22 255
22 256
22 258
22 259
23 26
23 27
23 249
23 258
23 259
23 260
24 261
24 262
24 263
24 264
24 265
24 266
24 267
24 268
24 269
24 270
24 271
24 272
24 273
24 274
24 275
24 276
24 277
24 278
24 279
24 280
24 281
25 26
25 27
25 249
25 258
25 259
25 260
26 249
26 260
26 45
26 65
26 66
26 218
26 250
26 251
26 252
26 253
26 254
26 255
26 256
27 42
27 282
27 45
27 65
27 66
27 218
27 250
27 251
27 252
27 253
27 254
27 255
27 256
28 44
28 283
29 42
29 43
29 44
29 283
30 283
31 41
31 415
32 284
32 285
32 286
32 287
32 288
32 289
32 290
32 291
32 292
32 41
33 293
33 294
33 41
34 295
34 296
34 297
34 41
35 298
35 299
35 41
36 106
36 300
36 301
36 41
37 302
37 41
38 41
39 303
39 304
39 305
39 306
39 307
39 41
40 303
40 304
40 307
40 308
40 41
40 56
41 309
42 61
42 115
42 119
42 120
42 140
42 169
42 170
42 171
42 172
42 174
42 176
42 177
42 178
42 179
42 180
42 197
42 202
42 205
42 214
42 218
42 223
42 235
42 257
42 291
42 359
42 367
42 378
42 402
42 403
42 422
42 428
42 432
42 444
42 460
42 466
42 469
43 257
44 260
44 310
44 311
44 312
44 313
44 314
44 55
44 56
44 257
45 249
45 258
45 259
45 260
45 64
46 315
46 316
46 317
46 318
46 319
46 320
46 321
46 322
46 323
46 324
46 325
46 326
46 327
46 328
46 329
46 330
46 331
46 332
46 333
46 334
46 335
46 417
47 116
51 260
51 336
51 337
51 338
51 339
51 340
51 341
51 342
51 343
52 130
52 344
52 121
52 138
52 140
52 144
52 150
52 153
52 395
52 444
53 62
53 77
53 170
53 173
53 177
53 191
53 210
53 288
53 289
53 292
53 312
53 345
53 346
53 347
53 348
53 349
53 350
53 351
53 352
53 353
53 354
53 355
53 356
53 357
53 358
53 359
53 360
53 361
53 362
53 363
53 364
53 365
53 366
53 367
53 368
53 369
53 370
53 371
53 372
53 373
53 374
53 375
53 376
53 377
53 378
53 379
53 380
53 381
53 382
53 383
53 384
53 385
53 386
53 387
53 388
53 389
53 390
53 391
53 392
53 393
53 394
53 395
53 396
53 397
53 398
53 399
53 400
53 401
53 402
53 403
53 404
53 405
53 406
53 407
53 408
53 409
53 410
53 411
53 412
53 413
53 414
53 415
53 416
53 417
53 418
53 419
54 63
54 141
54 144
54 146
54 147
54 187
54 354
54 358
54 371
54 376
54 386
54 389
54 397
54 408
54 413
54 420
54 421
54 422
54 423
54 424
54 425
54 426
54 427
54 428
54 429
54 430
54 431
54 432
54 433
54 434
54 435
54 436
54 437
54 438
54 439
54 440
54 441
54 442
54 443
54 444
54 445
54 446
54 447
54 448
54 449
54 450
54 451
54 452
54 453
54 454
54 455
54 456
54 457
54 458
54 459
54 460
54 461
54 462
54 463
54 464
54 465
54 466
54 467
54 468
54 469
54 470
54 471
54 472
54 473
54 474
54 475
54 476
54 477
54 478
54 479
54 480
54 481
54 482
54 483
54 484
54 485
54 486
54 487
54 488
54 489
54 490
54 491
54 492
54 493
54 494
54 495
54 496
54 497
54 498
54 499
54 500
55 138
55 175
55 201
55 312
55 314
55 353
55 373
55 374
55 387
55 388
55 401
55 414
55 419
55 423
55 429
55 466
55 491
56 401
61 407
61 64
61 420
62 64
62 136
62 360
62 386
62 398
62 420
63 64
63 420
64 317
65 249
65 258
65 259
65 260
66 249
66 258
66 259
66 260
72 87
73 87
74 87
75 76
76 77
76 78
76 79
76 80
76 82
76 83
76 84
76 86
76 87
76 88
76 89
76 91
76 383
76 388
76 424
77 88
77 424
80 84
80 85
82 383
83 85
84 85
84 90
85 88
85 103
85 130
85 410
92 182
93 96
93 101
93 102
93 107
95 98
95 102
96 101
96 102
96 106
96 107
97 106
97 107
99 101
99 102
101 102
101 103
101 104
101 105
101 106
101 348
101 379
101 421
101 441
101 465
101 478
101 484
102 103
102 104
102 105
102 106
102 108
102 300
102 379
102 348
102 421
102 441
102 465
102 478
102 484
103 104
103 107
103 300
103 379
104 300
106 285
106 300
107 300
115 120
116 120
117 120
121 126
123 130
123 126
123 138
124 380
124 382
125 130
125 131
126 130
126 131
127 131
128 130
129 130
130 133
130 138
130 150
130 358
130 134
130 135
130 137
130 141
130 144
130 148
130 152
130 155
130 160
130 262
130 363
130 382
130 395
130 426
130 438
131 132
133 148
133 134
133 135
133 426
134 138
134 150
134 363
135 138
135 150
135 435
136 144
136 438
138 139
138 140
138 141
138 142
138 143
138 144
138 145
138 146
138 148
138 149
138 426
139 426
139 438
140 444
140 438
141 426
143 426
143 438
144 160
144 456
144 148
144 426
145 385
146 426
147 426
148 150
148 385
149 150
149 353
149 373
150 153
150 426
153 342
155 363
159 363
160 261
160 281
160 438
161 363
162 298
163 363
164 165
164 277
164 363
169 170
169 171
169 172
169 173
169 174
169 176
169 177
169 178
169 179
169 180
170 171
170 172
170 173
170 174
170 176
170 177
170 178
170 179
170 180
171 172
171 173
171 174
171 176
171 177
171 178
171 179
171 180
172 173
172 174
172 176
172 177
172 178
172 179
172 180
173 194
173 174
173 176
173 177
173 178
173 179
173 180
174 176
174 177
174 178
174 179
174 180
175 260
176 177
176 178
176 179
176 180
177 178
177 179
177 180
178 179
178 180
179 180
182 427
183 427
185 187
185 192
185 214
185 222
185 223
185 361
185 225
185 354
185 408
186 187
186 214
186 222
186 223
186 228
186 361
187 189
187 190
187 214
187 222
187 223
187 483
187 492
187 198
187 199
187 228
187 361
189 190
189 200
189 214
189 222
189 223
189 203
190 214
190 222
190 223
190 196
190 198
190 199
190 203
190 354
191 222
191 223
191 198
191 199
191 200
191 208
191 220
192 202
192 228
192 203
192 212
192 361
194 212
194 287
194 290
195 222
195 223
196 222
196 223
197 214
197 222
197 223
198 200
198 202
198 206
198 208
198 214
198 222
198 223
198 226
198 344
198 477
199 200
199 202
199 206
199 208
199 214
199 222
199 223
199 226
199 344
199 477
200 214
200 222
200 223
200 203
200 205
200 208
200 215
200 219
201 214
201 222
201 223
201 226
201 314
201 366
201 487
201 205
201 215
202 214
202 222
202 223
202 220
202 342
203 208
203 214
203 222
203 223
203 344
204 222
204 223
205 214
206 214
206 222
206 223
206 225
206 226
206 227
207 222
207 223
207 209
207 212
208 214
208 222
208 223
208 209
208 219
208 220
209 214
209 222
209 223
210 211
210 212
210 214
210 222
210 223
210 220
210 227
211 212
211 214
211 222
211 223
212 214
212 222
212 223
213 214
213 222
213 223
214 215
214 219
214 220
214 222
214 223
214 224
214 228
214 361
218 249
218 250
218 251
218 252
218 253
218 254
218 255
218 256
218 258
218 259
219 222
219 223
220 222
220 223
220 361
221 223
222 223
222 225
222 344
222 354
222 361
222 483
222 492
222 498
222 224
222 226
222 228
222 477
223 344
223 224
223 226
223 228
223 354
223 361
223 477
223 492
223 498
224 226
225 408
228 361
229 230
229 231
229 232
229 233
229 234
229 235
229 236
229 237
229 238
229 239
229 240
229 241
229 243
229 244
229 245
229 247
229 248
229 284
230 231
230 232
230 233
230 234
230 235
230 236
230 237
230 238
230 239
230 240
230 241
230 243
230 244
230 245
230 247
230 248
231 232
231 233
231 234
231 235
231 236
231 237
231 238
231 239
231 240
231 241
231 243
231 244
231 245
231 247
231 248
231 284
232 233
232 234
232 235
232 236
232 237
232 238
232 239
232 240
232 241
232 243
232 244
232 245
232 247
232 248
232 284
233 234
233 235
233 236
233 237
233 238
233 239
233 240
233 241
233 243
233 244
233 245
233 247
233 248
234 235
234 236
234 237
234 238
234 239
234 240
234 241
234 243
234 244
234 245
234 247
234 248
234 284
235 236
235 237
235 238
235 239
235 240
235 241
235 243
235 244
235 245
235 247
235 248
236 237
236 238
236 239
236 240
236 241
236 243
236 244
236 245
236 247
236 248
236 284
237 238
237 239
237 240
237 241
237 243
237 244
237 245
237 247
237 248
237 284
238 239
238 240
238 241
238 243
238 244
238 245
238 247
238 248
238 284
239 240
239 241
239 242
239 243
239 244
239 245
239 247
239 248
239 284
240 241
240 243
240 244
240 245
240 247
240 248
240 284
241 243
241 244
241 245
241 247
241 248
241 284
242 284
249 250
249 251
249 252
249 253
249 254
249 255
249 256
250 258
250 259
250 260
251 258
251 259
251 260
252 258
252 259
252 260
253 258
253 259
253 260
254 258
254 259
254 260
255 258
255 259
255 260
256 258
256 259
256 260
260 336
260 339
260 341
260 343
260 371
260 389
260 391
260 457
260 497
261 262
261 263
261 264
261 265
261 266
261 267
261 268
261 269
261 270
261 271
261 272
261 273
261 274
261 275
261 276
261 277
261 278
261 279
261 280
262 281
262 263
262 264
262 265
262 266
262 267
262 268
262 269
262 270
262 271
262 272
262 273
262 274
262 275
262 276
262 277
262 278
262 279
262 280
263 264
263 266
263 267
263 274
263 275
263 276
263 277
263 278
263 279
263 280
263 281
263 265
263 268
263 269
263 270
263 271
263 272
263 273
264 265
264 266
264 267
264 268
264 269
264 270
264 271
264 272
264 273
264 274
264 275
264 276
264 277
264 278
264 279
264 280
264 281
265 266
265 267
265 268
265 269
265 270
265 271
265 272
265 273
265 274
265 275
265 276
265 277
265 278
265 279
265 280
265 281
266 267
266 274
266 275
266 276
266 277
266 278
266 279
266 280
266 281
266 268
266 269
266 270
266 271
266 272
266 273
267 274
267 275
267 276
267 277
267 278
267 279
267 280
267 281
267 268
267 269
267 270
267 271
267 272
267 273
268 269
268 270
268 271
268 272
268 273
268 274
268 275
268 276
268 277
268 278
268 279
268 280
268 281
269 270
269 271
269 272
269 273
269 274
269 275
269 276
269 277
269 278
269 279
269 280
269 281
270 271
270 272
270 273
270 274
270 275
270 276
270 277
270 278
270 279
270 280
270 281
271 272
271 273
271 274
271 275
271 276
271 277
271 278
271 279
271 280
271 281
272 273
272 274
272 275
272 276
272 277
272 278
272 279
272 280
272 281
273 274
273 275
273 276
273 277
273 278
273 279
273 280
273 281
274 275
274 276
274 277
274 278
274 279
274 280
274 281
275 276
275 277
275 278
275 279
275 280
275 281
276 277
276 278
276 279
276 280
276 281
277 278
277 279
277 280
277 281
278 279
278 280
278 281
279 280
279 281
280 281
288 293
288 304
290 312
290 458
311 342
312 409
315 329
315 316
315 317
315 318
315 319
315 320
315 321
315 322
315 323
315 324
315 325
315 327
315 328
315 332
315 333
316 317
316 318
316 319
316 320
316 321
316 322
316 323
316 324
316 325
316 326
316 327
316 328
316 329
316 330
316 331
316 335
316 332
316 333
317 318
317 319
317 320
317 321
317 322
317 323
317 324
317 325
317 326
317 327
317 328
317 329
317 330
317 331
317 332
317 333
317 334
317 335
317 420
318 319
318 320
318 321
318 322
318 323
318 324
318 325
318 326
318 327
318 328
318 329
318 330
318 331
318 335
318 332
318 333
319 320
319 321
319 322
319 323
319 324
319 325
319 326
319 327
319 328
319 329
319 330
319 331
319 335
319 332
319 333
320 321
320 322
320 323
320 324
320 325
320 326
320 327
320 328
320 329
320 330
320 331
320 335
320 332
320 333
321 322
321 323
321 324
321 325
321 326
321 327
321 328
321 329
321 330
321 331
321 335
321 332
321 333
322 323
322 324
322 325
322 326
322 327
322 328
322 329
322 330
322 331
322 335
322 332
322 333
323 324
323 325
323 326
323 327
323 328
323 329
323 330
323 331
323 335
323 332
323 333
324 325
324 326
324 327
324 328
324 329
324 330
324 331
324 335
324 332
324 333
325 326
325 327
325 328
325 329
325 330
325 331
325 335
325 332
325 333
326 327
326 328
326 329
326 330
326 331
326 417
326 332
326 333
327 328
327 329
327 330
327 331
327 335
327 332
327 333
328 329
328 330
328 331
328 335
328 332
328 333
329 330
329 331
329 335
329 332
329 333
330 332
330 333
331 335
331 332
331 333
332 335
333 335
336 337
336 339
336 341
336 343
337 339
337 341
337 343
341 342
342 345
348 421
358 463
358 500
358 380
360 496
361 492
365 459
374 427
379 421
389 420
393 394
397 420
414 415
420 429
420 446
420 452
420 460
420 486
421 441
421 465
421 478
421 484
426 444
438 456
458 459
